4.375000000000000091e-04 4.375000000000000091e-04 0.000000000000000000e+00 1.984375000000000028e-03 1.149999999999999981e-02 2.333333333333333440e-02 1.666666666666666774e-03 1.249999999999998942e-03 0.000000000000000000e+00 1.500000000000000031e-03 5.000000000000000104e-04 4.699999999999999317e-03 4.916666666666666408e-03 2.500000000000000919e-03 3.857142857142857161e-03
4.375000000000000091e-04 8.750000000000000182e-04 1.984375000000000028e-03 1.149999999999999981e-02 2.333333333333333440e-02 1.666666666666666774e-03 1.249999999999998942e-03 0.000000000000000000e+00 1.500000000000000031e-03 5.000000000000000104e-04 4.699999999999999317e-03 4.916666666666666408e-03 2.500000000000000919e-03 3.857142857142857161e-03 0.000000000000000000e+00
0.000000000000000000e+00 3.234375000000000271e-03 3.700000000000000511e-02 2.333333333333333440e-02 1.666666666666666774e-03 1.249999999999998942e-03 0.000000000000000000e+00 1.500000000000000031e-03 5.000000000000000104e-04 4.699999999999999317e-03 4.916666666666666408e-03 2.500000000000000919e-03 3.857142857142857161e-03 0.000000000000000000e+00 0.000000000000000000e+00
3.234375000000000271e-03 5.000000000000000104e-03 2.916666666666666713e-02 2.649999999999999925e-02 1.249999999999998942e-03 0.000000000000000000e+00 1.500000000000000031e-03 5.000000000000000104e-04 4.699999999999999317e-03 4.916666666666666408e-03 2.500000000000000919e-03 3.857142857142857161e-03 0.000000000000000000e+00 0.000000000000000000e+00 0.000000000000000000e+00
5.000000000000000104e-03 2.916666666666666713e-02 2.833333333333333537e-03 2.125000000000000153e-02 8.750000000000000182e-04 1.500000000000000031e-03 5.000000000000000104e-04 4.699999999999999317e-03 4.916666666666666408e-03 2.500000000000000919e-03 3.857142857142857161e-03 0.000000000000000000e+00 0.000000000000000000e+00 0.000000000000000000e+00 0.000000000000000000e+00
2.916666666666666713e-02 2.833333333333333537e-03 2.125000000000000153e-02 0.000000000000000000e+00 5.000000000000000104e-04 8.649999999999999356e-02 4.699999999999999317e-03 4.916666666666666408e-03 2.500000000000000919e-03 3.857142857142857161e-03 0.000000000000000000e+00 0.000000000000000000e+00 0.000000000000000000e+00 0.000000000000000000e+00 0.000000000000000000e+00
2.833333333333333537e-03 2.125000000000000153e-02 0.000000000000000000e+00 5.000000000000000104e-04 0.000000000000000000e+00 2.966666666666666497e-03 0.000000000000000000e+00 2.500000000000000919e-03 3.857142857142857161e-03 0.000000000000000000e+00 0.000000000000000000e+00 0.000000000000000000e+00 0.000000000000000000e+00 0.000000000000000000e+00 0.000000000000000000e+00
2.125000000000000153e-02 0.000000000000000000e+00 5.000000000000000104e-04 0.000000000000000000e+00 2.966666666666666497e-03 1.616666666666666599e-02 3.071428571428571480e-02 5.300000000000000544e-02 0.000000000000000000e+00 0.000000000000000000e+00 0.000000000000000000e+00 0.000000000000000000e+00 0.000000000000000000e+00 0.000000000000000000e+00 0.000000000000000000e+00
0.000000000000000000e+00 5.000000000000000104e-04 0.000000000000000000e+00 2.966666666666666497e-03 1.616666666666666599e-02 3.071428571428571480e-02 6.428571428571428457e-03 0.000000000000000000e+00 0.000000000000000000e+00 0.000000000000000000e+00 0.000000000000000000e+00 0.000000000000000000e+00 0.000000000000000000e+00 0.000000000000000000e+00 0.000000000000000000e+00
5.000000000000000104e-04 0.000000000000000000e+00 2.966666666666666497e-03 1.616666666666666599e-02 3.071428571428571480e-02 6.428571428571428457e-03 0.000000000000000000e+00 0.000000000000000000e+00 0.000000000000000000e+00 0.000000000000000000e+00 0.000000000000000000e+00 0.000000000000000000e+00 0.000000000000000000e+00 0.000000000000000000e+00 0.000000000000000000e+00
0.000000000000000000e+00 2.966666666666666497e-03 1.616666666666666599e-02 3.071428571428571480e-02 6.428571428571428457e-03 0.000000000000000000e+00 0.000000000000000000e+00 0.000000000000000000e+00 0.000000000000000000e+00 0.000000000000000000e+00 0.000000000000000000e+00 0.000000000000000000e+00 0.000000000000000000e+00 0.000000000000000000e+00 0.000000000000000000e+00
2.966666666666666497e-03 1.616666666666666599e-02 3.071428571428571480e-02 6.428571428571428457e-03 0.000000000000000000e+00 0.000000000000000000e+00 0.000000000000000000e+00 0.000000000000000000e+00 0.000000000000000000e+00 0.000000000000000000e+00 0.000000000000000000e+00 0.000000000000000000e+00 0.000000000000000000e+00 0.000000000000000000e+00 0.000000000000000000e+00
1.616666666666666599e-02 3.071428571428571480e-02 6.428571428571428457e-03 0.000000000000000000e+00 0.000000000000000000e+00 0.000000000000000000e+00 0.000000000000000000e+00 0.000000000000000000e+00 0.000000000000000000e+00 0.000000000000000000e+00 0.000000000000000000e+00 0.000000000000000000e+00 0.000000000000000000e+00 0.000000000000000000e+00 0.000000000000000000e+00
3.071428571428571480e-02 6.428571428571428457e-03 0.000000000000000000e+00 0.000000000000000000e+00 0.000000000000000000e+00 0.000000000000000000e+00 0.000000000000000000e+00 0.000000000000000000e+00 0.000000000000000000e+00 0.000000000000000000e+00 0.000000000000000000e+00 0.000000000000000000e+00 0.000000000000000000e+00 0.000000000000000000e+00 0.000000000000000000e+00
6.428571428571428457e-03 0.000000000000000000e+00 0.000000000000000000e+00 0.000000000000000000e+00 0.000000000000000000e+00 0.000000000000000000e+00 0.000000000000000000e+00 0.000000000000000000e+00 0.000000000000000000e+00 0.000000000000000000e+00 0.000000000000000000e+00 0.000000000000000000e+00 0.000000000000000000e+00 0.000000000000000000e+00 0.000000000000000000e+00
