1 0.0136054
2 0.0204082
3 0.0272109
4 0.0340136
5 0.0408163
6 0.047619
7 0.0544218
8 0.0612245
9 0.0680272
10 0.0748299
11 0.0816327
12 0.0884354
13 0.0952381
14 0.102041
15 0.108844
16 0.115646
17 0.122449
18 0.129252
19 0.136054
20 0.142857
21 0.14966
22 0.156463
23 0.163265
24 0.170068
25 0.176871
26 0.183673
27 0.190476
28 0.197279
29 0.204082
30 0.210884
31 0.217687
32 0.22449
33 0.231293
34 0.238095
35 0.244898
36 0.251701
37 0.258503
38 0.265306
39 0.272109
40 0.278912
41 0.285714
42 0.292517
43 0.29932
44 0.306122
45 0.312925
46 0.319728
47 0.326531
48 0.333333
49 0.340136
50 0.346939
51 0.353741
52 0.360544
53 0.367347
54 0.37415
55 0.380952
56 0.387755
57 0.394558
58 0.401361
59 0.408163
60 0.414966
61 0.421769
62 0.428571
63 0.435374
64 0.442177
65 0.44898
66 0.455782
67 0.462585
68 0.469388
69 0.47619
70 0.482993
71 0.489796
72 0.496599
73 0.503401
74 0.510204
75 0.517007
76 0.52381
77 0.530612
78 0.537415
79 0.544218
80 0.55102
81 0.557823
82 0.564626
83 0.571429
84 0.578231
85 0.585034
86 0.591837
87 0.598639
88 0.605442
89 0.612245
90 0.619048
91 0.62585
92 0.632653
93 0.639456
94 0.646259
95 0.653061
96 0.659864
97 0.666667
98 0.673469
99 0.680272
100 0.687075
101 0.693878
102 0.70068
103 0.707483
104 0.714286
105 0.721088
106 0.727891
107 0.734694
108 0.741497
109 0.748299
110 0.755102
111 0.761905
112 0.768707
113 0.77551
114 0.782313
115 0.789116
116 0.795918
117 0.802721
118 0.809524
119 0.816327
120 0.823129
121 0.829932
122 0.836735
123 0.843537
124 0.85034
125 0.857143
126 0.863946
127 0.870748
128 0.877551
129 0.884354
130 0.891156
131 0.897959
132 0.904762
133 0.911565
134 0.918367
135 0.92517
136 0.931973
137 0.938776
138 0.945578
139 0.952381
140 0.959184
141 0.965986
142 0.972789
143 0.979592
144 0.986395
