P:14 ku:0.2 kw:0.4 ka:0.0 kd:0.0 N:10000 F:719 KMC:1000 
285.5247399987945
285.5247399987945
285.5247399987945
285.5247399987945
285.5247399987945
285.5247399987945
285.5247399987945
285.5247399987945
285.5247399987945
285.5247399987945
285.5247399987945
285.5247399987945
285.5247399987945
285.5247399987945
285.5247399987945
285.5247399987945
285.5247399987945
285.5247399987945
285.5247399987945
285.5247399987945
285.5247399987945
285.5247399987945
285.5247399987945
285.5247399987945
285.5247399987945
285.5247399987945
285.5247399987945
285.5247399987945
285.5247399987945
285.5247399987945
285.5247399987945
285.5247399987945
285.5247399987945
285.5247399987945
285.5247399987945
285.5247399987945
285.5247399987945
285.5247399987945
285.5247399987945
285.5247399987945
285.5247399987945
285.5247399987945
285.5247399987945
285.5247399987945
285.5247399987945
285.5247399987945
285.5247399987945
285.5247399987945
174.2617581122066
174.2617581122066
174.2617581122066
174.2617581122066
174.2617581122066
174.2617581122066
174.2617581122066
174.2617581122066
174.2617581122066
174.2617581122066
174.2617581122066
174.2617581122066
174.2617581122066
174.2617581122066
174.2617581122066
174.2617581122066
174.2617581122066
174.2617581122066
174.2617581122066
174.2617581122066
174.2617581122066
174.2617581122066
174.2617581122066
174.2617581122066
174.2617581122066
174.2617581122066
174.2617581122066
174.2617581122066
174.2617581122066
174.2617581122066
174.2617581122066
174.2617581122066
174.2617581122066
174.2617581122066
174.2617581122066
174.2617581122066
174.2617581122066
174.2617581122066
174.2617581122066
174.2617581122066
174.2617581122066
174.2617581122066
174.2617581122066
174.2617581122066
174.2617581122066
30.306468379139524
174.2617581122066
174.2617581122066
174.2617581122066
30.306468379139524
200.36826590801934
30.306468379139524
30.306468379139524
30.306468379139524
30.306468379139524
30.306468379139524
30.306468379139524
200.36826590801934
30.306468379139524
30.306468379139524
30.306468379139524
30.306468379139524
30.306468379139524
30.306468379139524
30.306468379139524
30.306468379139524
30.306468379139524
30.306468379139524
200.36826590801934
200.36826590801934
30.306468379139524
30.306468379139524
30.306468379139524
200.36826590801934
30.306468379139524
200.36826590801934
30.306468379139524
30.306468379139524
200.36826590801934
30.306468379139524
30.306468379139524
200.36826590801934
30.306468379139524
30.306468379139524
200.36826590801934
30.306468379139524
30.306468379139524
200.36826590801934
30.306468379139524
200.36826590801934
30.306468379139524
30.306468379139524
200.36826590801934
200.36826590801934
200.36826590801934
200.36826590801934
200.36826590801934
200.36826590801934
200.36826590801934
200.36826590801934
30.306468379139524
30.306468379139524
200.36826590801934
30.306468379139524
30.306468379139524
30.306468379139524
30.306468379139524
30.306468379139524
30.306468379139524
200.36826590801934
200.36826590801934
30.306468379139524
200.36826590801934
30.306468379139524
200.36826590801934
200.36826590801934
200.36826590801934
200.36826590801934
200.36826590801934
200.36826590801934
200.36826590801934
30.306468379139524
200.36826590801934
30.306468379139524
200.36826590801934
200.36826590801934
30.306468379139524
200.36826590801934
30.306468379139524
200.36826590801934
200.36826590801934
200.36826590801934
200.36826590801934
30.306468379139524
200.36826590801934
200.36826590801934
200.36826590801934
200.36826590801934
200.36826590801934
200.36826590801934
200.36826590801934
200.36826590801934
200.36826590801934
200.36826590801934
86.04648881206747
86.04648881206747
86.04648881206747
86.04648881206747
86.04648881206747
86.04648881206747
86.04648881206747
86.04648881206747
86.04648881206747
86.04648881206747
86.04648881206747
86.04648881206747
86.04648881206747
86.04648881206747
86.04648881206747
86.04648881206747
86.04648881206747
86.04648881206747
86.04648881206747
86.04648881206747
86.04648881206747
86.04648881206747
86.04648881206747
86.04648881206747
86.04648881206747
86.04648881206747
86.04648881206747
1065.3555929511222
86.04648881206747
1065.3555929511222
86.04648881206747
86.04648881206747
86.04648881206747
86.04648881206747
86.04648881206747
86.04648881206747
86.04648881206747
86.04648881206747
86.04648881206747
1065.3555929511222
1065.3555929511222
86.04648881206747
1065.3555929511222
1065.3555929511222
86.04648881206747
1065.3555929511222
1065.3555929511222
1065.3555929511222
86.04648881206747
86.04648881206747
1065.3555929511222
1065.3555929511222
86.04648881206747
1065.3555929511222
86.04648881206747
1065.3555929511222
1065.3555929511222
86.04648881206747
1065.3555929511222
1065.3555929511222
1065.3555929511222
1065.3555929511222
1065.3555929511222
1065.3555929511222
1065.3555929511222
86.04648881206747
1065.3555929511222
1065.3555929511222
86.04648881206747
86.04648881206747
1065.3555929511222
1065.3555929511222
1065.3555929511222
1065.3555929511222
1065.3555929511222
1065.3555929511222
1065.3555929511222
1065.3555929511222
1065.3555929511222
1065.3555929511222
1065.3555929511222
1065.3555929511222
86.04648881206747
1065.3555929511222
1065.3555929511222
1065.3555929511222
1065.3555929511222
1065.3555929511222
1065.3555929511222
1065.3555929511222
1065.3555929511222
1065.3555929511222
1065.3555929511222
1065.3555929511222
1065.3555929511222
1114.0832932689175
1114.0832932689175
1114.0832932689175
1114.0832932689175
1114.0832932689175
1114.0832932689175
1065.3555929511222
1114.0832932689175
1114.0832932689175
1114.0832932689175
1114.0832932689175
1114.0832932689175
1114.0832932689175
1114.0832932689175
1114.0832932689175
1114.0832932689175
1114.0832932689175
1114.0832932689175
1114.0832932689175
1114.0832932689175
1114.0832932689175
289.21453886892937
1114.0832932689175
1114.0832932689175
1114.0832932689175
289.21453886892937
1114.0832932689175
289.21453886892937
1114.0832932689175
1114.0832932689175
1114.0832932689175
289.21453886892937
1114.0832932689175
1114.0832932689175
1114.0832932689175
289.21453886892937
1114.0832932689175
289.21453886892937
1114.0832932689175
1114.0832932689175
289.21453886892937
1114.0832932689175
289.21453886892937
1114.0832932689175
289.21453886892937
1114.0832932689175
289.21453886892937
289.21453886892937
289.21453886892937
1114.0832932689175
289.21453886892937
289.21453886892937
1114.0832932689175
289.21453886892937
289.21453886892937
289.21453886892937
289.21453886892937
289.21453886892937
1114.0832932689175
1114.0832932689175
1114.0832932689175
1114.0832932689175
1114.0832932689175
1114.0832932689175
289.21453886892937
289.21453886892937
289.21453886892937
289.21453886892937
289.21453886892937
289.21453886892937
289.21453886892937
289.21453886892937
289.21453886892937
1114.0832932689175
289.21453886892937
289.21453886892937
289.21453886892937
289.21453886892937
1114.0832932689175
289.21453886892937
289.21453886892937
289.21453886892937
289.21453886892937
289.21453886892937
1114.0832932689175
289.21453886892937
289.21453886892937
289.21453886892937
289.21453886892937
1114.0832932689175
289.21453886892937
289.21453886892937
289.21453886892937
289.21453886892937
289.21453886892937
289.21453886892937
289.21453886892937
983.5927032084942
983.5927032084942
983.5927032084942
983.5927032084942
983.5927032084942
983.5927032084942
983.5927032084942
983.5927032084942
983.5927032084942
983.5927032084942
983.5927032084942
983.5927032084942
983.5927032084942
983.5927032084942
983.5927032084942
983.5927032084942
983.5927032084942
983.5927032084942
983.5927032084942
983.5927032084942
983.5927032084942
983.5927032084942
983.5927032084942
983.5927032084942
983.5927032084942
983.5927032084942
983.5927032084942
983.5927032084942
983.5927032084942
983.5927032084942
983.5927032084942
983.5927032084942
983.5927032084942
983.5927032084942
983.5927032084942
983.5927032084942
983.5927032084942
983.5927032084942
983.5927032084942
983.5927032084942
983.5927032084942
983.5927032084942
983.5927032084942
983.5927032084942
983.5927032084942
983.5927032084942
983.5927032084942
364.8766368030993
364.8766368030993
983.5927032084942
364.8766368030993
364.8766368030993
364.8766368030993
364.8766368030993
364.8766368030993
364.8766368030993
364.8766368030993
364.8766368030993
364.8766368030993
364.8766368030993
364.8766368030993
364.8766368030993
364.8766368030993
364.8766368030993
364.8766368030993
364.8766368030993
364.8766368030993
1104.2522924373848
364.8766368030993
364.8766368030993
364.8766368030993
1104.2522924373848
364.8766368030993
364.8766368030993
364.8766368030993
364.8766368030993
1104.2522924373848
364.8766368030993
364.8766368030993
1104.2522924373848
1104.2522924373848
364.8766368030993
1104.2522924373848
364.8766368030993
364.8766368030993
1104.2522924373848
364.8766368030993
1104.2522924373848
364.8766368030993
364.8766368030993
1104.2522924373848
1104.2522924373848
1104.2522924373848
1104.2522924373848
364.8766368030993
364.8766368030993
364.8766368030993
364.8766368030993
1104.2522924373848
364.8766368030993
364.8766368030993
364.8766368030993
1104.2522924373848
364.8766368030993
364.8766368030993
364.8766368030993
1104.2522924373848
1104.2522924373848
1104.2522924373848
1104.2522924373848
1104.2522924373848
1104.2522924373848
1104.2522924373848
1104.2522924373848
1104.2522924373848
364.8766368030993
1104.2522924373848
1104.2522924373848
1104.2522924373848
1104.2522924373848
1104.2522924373848
1104.2522924373848
1104.2522924373848
1104.2522924373848
1104.2522924373848
1104.2522924373848
364.8766368030993
364.8766368030993
1104.2522924373848
1104.2522924373848
1104.2522924373848
1104.2522924373848
1104.2522924373848
364.8766368030993
1104.2522924373848
1104.2522924373848
1104.2522924373848
1104.2522924373848
1104.2522924373848
1104.2522924373848
1104.2522924373848
1104.2522924373848
794.4537326457381
1104.2522924373848
794.4537326457381
794.4537326457381
794.4537326457381
794.4537326457381
794.4537326457381
794.4537326457381
1104.2522924373848
794.4537326457381
794.4537326457381
794.4537326457381
794.4537326457381
794.4537326457381
794.4537326457381
794.4537326457381
794.4537326457381
794.4537326457381
794.4537326457381
794.4537326457381
794.4537326457381
794.4537326457381
794.4537326457381
794.4537326457381
794.4537326457381
794.4537326457381
794.4537326457381
794.4537326457381
794.4537326457381
794.4537326457381
794.4537326457381
794.4537326457381
794.4537326457381
794.4537326457381
794.4537326457381
794.4537326457381
794.4537326457381
794.4537326457381
794.4537326457381
794.4537326457381
794.4537326457381
794.4537326457381
794.4537326457381
794.4537326457381
794.4537326457381
794.4537326457381
794.4537326457381
40.28801479685067
40.28801479685067
794.4537326457381
794.4537326457381
40.28801479685067
40.28801479685067
40.28801479685067
40.28801479685067
40.28801479685067
40.28801479685067
40.28801479685067
794.4537326457381
40.28801479685067
40.28801479685067
987.234344613572
40.28801479685067
40.28801479685067
40.28801479685067
40.28801479685067
40.28801479685067
40.28801479685067
40.28801479685067
40.28801479685067
40.28801479685067
40.28801479685067
40.28801479685067
987.234344613572
40.28801479685067
987.234344613572
40.28801479685067
40.28801479685067
40.28801479685067
40.28801479685067
987.234344613572
987.234344613572
40.28801479685067
40.28801479685067
40.28801479685067
987.234344613572
40.28801479685067
987.234344613572
40.28801479685067
40.28801479685067
40.28801479685067
40.28801479685067
40.28801479685067
40.28801479685067
40.28801479685067
987.234344613572
40.28801479685067
796.7479063272303
40.28801479685067
40.28801479685067
40.28801479685067
987.234344613572
40.28801479685067
987.234344613572
987.234344613572
987.234344613572
987.234344613572
987.234344613572
828.4245703891271
987.234344613572
987.234344613572
987.234344613572
987.234344613572
40.28801479685067
987.234344613572
40.28801479685067
987.234344613572
987.234344613572
796.7479063272303
796.7479063272303
40.28801479685067
828.4245703891271
987.234344613572
796.7479063272303
987.234344613572
828.4245703891271
987.234344613572
796.7479063272303
987.234344613572
796.7479063272303
828.4245703891271
987.234344613572
828.4245703891271
987.234344613572
987.234344613572
828.4245703891271
987.234344613572
987.234344613572
796.7479063272303
987.234344613572
987.234344613572
987.234344613572
40.28801479685067
987.234344613572
987.234344613572
987.234344613572
987.234344613572
40.28801479685067
987.234344613572
987.234344613572
796.7479063272303
987.234344613572
828.4245703891271
987.234344613572
796.7479063272303
796.7479063272303
987.234344613572
796.7479063272303
796.7479063272303
796.7479063272303
828.4245703891271
987.234344613572
828.4245703891271
796.7479063272303
796.7479063272303
796.7479063272303
796.7479063272303
796.7479063272303
828.4245703891271
828.4245703891271
828.4245703891271
987.234344613572
828.4245703891271
828.4245703891271
828.4245703891271
828.4245703891271
828.4245703891271
828.4245703891271
796.7479063272303
796.7479063272303
796.7479063272303
828.4245703891271
796.7479063272303
796.7479063272303
828.4245703891271
828.4245703891271
987.234344613572
828.4245703891271
796.7479063272303
828.4245703891271
796.7479063272303
987.234344613572
796.7479063272303