P:15 ku:0.2 kw:0.5 ka:0.0 kd:0.0 N:10000 F:96 KMC:1000 
875.8107397307069
875.8107397307069
875.8107397307069
875.8107397307069
875.8107397307069
875.8107397307069
875.8107397307069
875.8107397307069
875.8107397307069
875.8107397307069
875.8107397307069
875.8107397307069
875.8107397307069
875.8107397307069
875.8107397307069
875.8107397307069
875.8107397307069
875.8107397307069
875.8107397307069
875.8107397307069
875.8107397307069
875.8107397307069
875.8107397307069
875.8107397307069
875.8107397307069
875.8107397307069
875.8107397307069
875.8107397307069
875.8107397307069
875.8107397307069
875.8107397307069
875.8107397307069
875.8107397307069
875.8107397307069
875.8107397307069
875.8107397307069
875.8107397307069
875.8107397307069
875.8107397307069
875.8107397307069
875.8107397307069
875.8107397307069
875.8107397307069
875.8107397307069
875.8107397307069
875.8107397307069
875.8107397307069
875.8107397307069
53.56144510667832
53.56144510667832
53.56144510667832
53.56144510667832
53.56144510667832
53.56144510667832
53.56144510667832
53.56144510667832
53.56144510667832
53.56144510667832
53.56144510667832
53.56144510667832
53.56144510667832
53.56144510667832
53.56144510667832
53.56144510667832
53.56144510667832
53.56144510667832
53.56144510667832
53.56144510667832
53.56144510667832
53.56144510667832
53.56144510667832
53.56144510667832
53.56144510667832
53.56144510667832
53.56144510667832
53.56144510667832
53.56144510667832
53.56144510667832
53.56144510667832
53.56144510667832
53.56144510667832
53.56144510667832
53.56144510667832
53.56144510667832
53.56144510667832
53.56144510667832
53.56144510667832
53.56144510667832
53.56144510667832
53.56144510667832
53.56144510667832
53.56144510667832
53.56144510667832
53.56144510667832
53.56144510667832
53.56144510667832