P:2 ku:0.1 kw:0.2 ka:0.0 kd:0.0 N:10000 F:761 KMC:1000 
792.3569411425361
792.3569411425361
792.3569411425361
792.3569411425361
792.3569411425361
792.3569411425361
792.3569411425361
792.3569411425361
792.3569411425361
792.3569411425361
792.3569411425361
792.3569411425361
792.3569411425361
792.3569411425361
792.3569411425361
792.3569411425361
792.3569411425361
792.3569411425361
792.3569411425361
792.3569411425361
792.3569411425361
792.3569411425361
792.3569411425361
792.3569411425361
792.3569411425361
792.3569411425361
792.3569411425361
792.3569411425361
792.3569411425361
792.3569411425361
792.3569411425361
792.3569411425361
792.3569411425361
792.3569411425361
792.3569411425361
792.3569411425361
792.3569411425361
792.3569411425361
792.3569411425361
792.3569411425361
792.3569411425361
792.3569411425361
792.3569411425361
792.3569411425361
792.3569411425361
792.3569411425361
792.3569411425361
1324.829688798076
792.3569411425361
1324.829688798076
1324.829688798076
1324.829688798076
1324.829688798076
1324.829688798076
1324.829688798076
1324.829688798076
1324.829688798076
1324.829688798076
1324.829688798076
1324.829688798076
1324.829688798076
1324.829688798076
1324.829688798076
1324.829688798076
1324.829688798076
1324.829688798076
1324.829688798076
1324.829688798076
1324.829688798076
1324.829688798076
1324.829688798076
1324.829688798076
1324.829688798076
1324.829688798076
1324.829688798076
1324.829688798076
1324.829688798076
1324.829688798076
1324.829688798076
1324.829688798076
1324.829688798076
1324.829688798076
1324.829688798076
1324.829688798076
1324.829688798076
1324.829688798076
1324.829688798076
1324.829688798076
1324.829688798076
1324.829688798076
1324.829688798076
1324.829688798076
1199.99866829073
1324.829688798076
1324.829688798076
1324.829688798076
1324.829688798076
1199.99866829073
1199.99866829073
1199.99866829073
1199.99866829073
1199.99866829073
358.5471214465211
1199.99866829073
1199.99866829073
1199.99866829073
1199.99866829073
1199.99866829073
1199.99866829073
1199.99866829073
1199.99866829073
1199.99866829073
1199.99866829073
1199.99866829073
1199.99866829073
1199.99866829073
1199.99866829073
1199.99866829073
1199.99866829073
1199.99866829073
1199.99866829073
1199.99866829073
1199.99866829073
1199.99866829073
1199.99866829073
1199.99866829073
1199.99866829073
1199.99866829073
1199.99866829073
1199.99866829073
1199.99866829073
358.5471214465211
1199.99866829073
1199.99866829073
1199.99866829073
1199.99866829073
1199.99866829073
1199.99866829073
1199.99866829073
1199.99866829073
358.5471214465211
1199.99866829073
358.5471214465211
358.5471214465211
358.5471214465211
1199.99866829073
358.5471214465211
358.5471214465211
358.5471214465211
358.5471214465211
358.5471214465211
1199.99866829073
358.5471214465211
358.5471214465211
358.5471214465211
358.5471214465211
1199.99866829073
358.5471214465211
358.5471214465211
358.5471214465211
358.5471214465211
358.5471214465211
358.5471214465211
1199.99866829073
358.5471214465211
1199.99866829073
358.5471214465211
358.5471214465211
358.5471214465211
358.5471214465211
358.5471214465211
358.5471214465211
358.5471214465211
358.5471214465211
358.5471214465211
358.5471214465211
358.5471214465211
358.5471214465211
358.5471214465211
358.5471214465211
358.5471214465211
358.5471214465211
358.5471214465211
358.5471214465211
358.5471214465211
358.5471214465211
358.5471214465211
358.5471214465211
358.5471214465211
358.5471214465211
358.5471214465211
358.5471214465211
1561.6369928729662
1561.6369928729662
1561.6369928729662
1561.6369928729662
1561.6369928729662
1561.6369928729662
1561.6369928729662
1561.6369928729662
1561.6369928729662
1561.6369928729662
1561.6369928729662
1561.6369928729662
1561.6369928729662
1561.6369928729662
1561.6369928729662
1561.6369928729662
1561.6369928729662
1561.6369928729662
1470.5159727245614
1561.6369928729662
1561.6369928729662
1561.6369928729662
1561.6369928729662
1561.6369928729662
1561.6369928729662
1561.6369928729662
1561.6369928729662
1561.6369928729662
1561.6369928729662
1561.6369928729662
1561.6369928729662
1561.6369928729662
1561.6369928729662
1561.6369928729662
1561.6369928729662
1561.6369928729662
1561.6369928729662
1470.5159727245614
1561.6369928729662
1561.6369928729662
1561.6369928729662
1561.6369928729662
1561.6369928729662
1561.6369928729662
1561.6369928729662
2353.5316246643088
1470.5159727245614
1561.6369928729662
2353.5316246643088
1561.6369928729662
1470.5159727245614
1561.6369928729662
1470.5159727245614
1470.5159727245614
1470.5159727245614
1561.6369928729662
1470.5159727245614
1470.5159727245614
1561.6369928729662
1470.5159727245614
1470.5159727245614
1470.5159727245614
1470.5159727245614
1470.5159727245614
2353.5316246643088
2353.5316246643088
1470.5159727245614
1470.5159727245614
2353.5316246643088
2353.5316246643088
2353.5316246643088
1470.5159727245614
2353.5316246643088
1470.5159727245614
2353.5316246643088
1470.5159727245614
1470.5159727245614
1470.5159727245614
1470.5159727245614
1470.5159727245614
2353.5316246643088
2353.5316246643088
1470.5159727245614
2353.5316246643088
1470.5159727245614
1470.5159727245614
2353.5316246643088
2353.5316246643088
1470.5159727245614
1470.5159727245614
1470.5159727245614
2353.5316246643088
1470.5159727245614
1470.5159727245614
2353.5316246643088
1470.5159727245614
2353.5316246643088
1470.5159727245614
1470.5159727245614
2353.5316246643088
2353.5316246643088
2353.5316246643088
2353.5316246643088
2353.5316246643088
1470.5159727245614
1470.5159727245614
2353.5316246643088
1470.5159727245614
2353.5316246643088
2353.5316246643088
2353.5316246643088
1470.5159727245614
2353.5316246643088
1470.5159727245614
1470.5159727245614
1470.5159727245614
2353.5316246643088
2353.5316246643088
1470.5159727245614
2353.5316246643088
2353.5316246643088
2353.5316246643088
2353.5316246643088
1470.5159727245614
2353.5316246643088
1470.5159727245614
2353.5316246643088
1470.5159727245614
2353.5316246643088
2353.5316246643088
1470.5159727245614
2353.5316246643088
1470.5159727245614
2353.5316246643088
1470.5159727245614
2353.5316246643088
2353.5316246643088
2353.5316246643088
2353.5316246643088
2353.5316246643088
2353.5316246643088
2353.5316246643088
2353.5316246643088
2353.5316246643088
302.3662677584719
302.3662677584719
926.7895799250286
926.7895799250286
302.3662677584719
302.3662677584719
926.7895799250286
302.3662677584719
926.7895799250286
302.3662677584719
302.3662677584719
926.7895799250286
926.7895799250286
926.7895799250286
2305.0273757097057
302.3662677584719
302.3662677584719
302.3662677584719
2305.0273757097057
302.3662677584719
926.7895799250286
926.7895799250286
302.3662677584719
926.7895799250286
302.3662677584719
926.7895799250286
926.7895799250286
302.3662677584719
926.7895799250286
2305.0273757097057
302.3662677584719
926.7895799250286
302.3662677584719
302.3662677584719
302.3662677584719
302.3662677584719
302.3662677584719
926.7895799250286
2305.0273757097057
302.3662677584719
926.7895799250286
926.7895799250286
302.3662677584719
302.3662677584719
302.3662677584719
926.7895799250286
926.7895799250286
302.3662677584719
926.7895799250286
2305.0273757097057
302.3662677584719
2305.0273757097057
926.7895799250286
926.7895799250286
926.7895799250286
926.7895799250286
2305.0273757097057
2305.0273757097057
926.7895799250286
302.3662677584719
302.3662677584719
302.3662677584719
302.3662677584719
302.3662677584719
302.3662677584719
302.3662677584719
302.3662677584719
2305.0273757097057
302.3662677584719
926.7895799250286
926.7895799250286
926.7895799250286
926.7895799250286
926.7895799250286
926.7895799250286
926.7895799250286
302.3662677584719
926.7895799250286
2305.0273757097057
2305.0273757097057
926.7895799250286
302.3662677584719
926.7895799250286
302.3662677584719
926.7895799250286
2305.0273757097057
302.3662677584719
926.7895799250286
2305.0273757097057
926.7895799250286
926.7895799250286
2305.0273757097057
302.3662677584719
302.3662677584719
2305.0273757097057
2305.0273757097057
2305.0273757097057
2305.0273757097057
926.7895799250286
302.3662677584719
302.3662677584719
302.3662677584719
2305.0273757097057
2305.0273757097057
926.7895799250286
926.7895799250286
926.7895799250286
2305.0273757097057
926.7895799250286
302.3662677584719
2305.0273757097057
2305.0273757097057
2305.0273757097057
2305.0273757097057
2305.0273757097057
2305.0273757097057
2305.0273757097057
302.3662677584719
2305.0273757097057
302.3662677584719
302.3662677584719
2305.0273757097057
926.7895799250286
2305.0273757097057
2305.0273757097057
926.7895799250286
926.7895799250286
2305.0273757097057
2305.0273757097057
926.7895799250286
2305.0273757097057
2305.0273757097057
2305.0273757097057
2305.0273757097057
2305.0273757097057
2305.0273757097057
2305.0273757097057
2305.0273757097057
2305.0273757097057
2305.0273757097057
2305.0273757097057
2305.0273757097057
2305.0273757097057
2305.0273757097057
2129.172106244048
884.4094905945815
2129.172106244048
884.4094905945815
2129.172106244048
256.7061642069761
2129.172106244048
884.4094905945815
2129.172106244048
884.4094905945815
2129.172106244048
2129.172106244048
884.4094905945815
256.7061642069761
2129.172106244048
2129.172106244048
2129.172106244048
884.4094905945815
884.4094905945815
884.4094905945815
2129.172106244048
2129.172106244048
884.4094905945815
2129.172106244048
2129.172106244048
884.4094905945815
2129.172106244048
2129.172106244048
2129.172106244048
2129.172106244048
2129.172106244048
884.4094905945815
884.4094905945815
256.7061642069761
2129.172106244048
2129.172106244048
884.4094905945815
2129.172106244048
884.4094905945815
2129.172106244048
884.4094905945815
884.4094905945815
884.4094905945815
2129.172106244048
2129.172106244048
884.4094905945815
2129.172106244048
2129.172106244048
256.7061642069761
884.4094905945815
2129.172106244048
2129.172106244048
884.4094905945815
2129.172106244048
2129.172106244048
256.7061642069761
884.4094905945815
884.4094905945815
256.7061642069761
884.4094905945815
2129.172106244048
256.7061642069761
884.4094905945815
2129.172106244048
884.4094905945815
2129.172106244048
2129.172106244048
2129.172106244048
2129.172106244048
2129.172106244048
2129.172106244048
884.4094905945815
884.4094905945815
884.4094905945815
256.7061642069761
256.7061642069761
2129.172106244048
884.4094905945815
884.4094905945815
2129.172106244048
884.4094905945815
2129.172106244048
2129.172106244048
884.4094905945815
884.4094905945815
884.4094905945815
884.4094905945815
256.7061642069761
884.4094905945815
2129.172106244048
884.4094905945815
884.4094905945815
2129.172106244048
2129.172106244048
884.4094905945815
256.7061642069761
256.7061642069761
884.4094905945815
256.7061642069761
256.7061642069761
884.4094905945815
884.4094905945815
884.4094905945815
2129.172106244048
256.7061642069761
884.4094905945815
256.7061642069761
256.7061642069761
884.4094905945815
884.4094905945815
256.7061642069761
256.7061642069761
884.4094905945815
256.7061642069761
2129.172106244048
256.7061642069761
256.7061642069761
256.7061642069761
256.7061642069761
884.4094905945815
256.7061642069761
256.7061642069761
256.7061642069761
256.7061642069761
256.7061642069761
256.7061642069761
256.7061642069761
256.7061642069761
256.7061642069761
256.7061642069761
256.7061642069761
256.7061642069761
256.7061642069761
256.7061642069761
256.7061642069761
256.7061642069761
256.7061642069761
256.7061642069761
256.7061642069761
2538.704214795083
256.7061642069761
256.7061642069761
256.7061642069761
256.7061642069761
2538.704214795083
256.7061642069761
2538.704214795083
2538.704214795083
2538.704214795083
2538.704214795083
1051.1993631399985
1051.1993631399985
2538.704214795083
2538.704214795083
2538.704214795083
1051.1993631399985
2538.704214795083
2538.704214795083
2538.704214795083
2538.704214795083
1051.1993631399985
2538.704214795083
2538.704214795083
2538.704214795083
2538.704214795083
2538.704214795083
2538.704214795083
2538.704214795083
2538.704214795083
1051.1993631399985
2538.704214795083
2538.704214795083
2538.704214795083
2538.704214795083
1051.1993631399985
2538.704214795083
1051.1993631399985
2538.704214795083
2538.704214795083
2538.704214795083
2538.704214795083
2538.704214795083
1051.1993631399985
2538.704214795083
2538.704214795083
2538.704214795083
2538.704214795083
1051.1993631399985
2538.704214795083
1051.1993631399985
2538.704214795083
2538.704214795083
2538.704214795083
2538.704214795083
2538.704214795083
2538.704214795083
2538.704214795083
1051.1993631399985
1051.1993631399985
2538.704214795083
2538.704214795083
1051.1993631399985
2538.704214795083
1051.1993631399985
1051.1993631399985
1051.1993631399985
1051.1993631399985
1051.1993631399985
1051.1993631399985
2538.704214795083
1051.1993631399985
1051.1993631399985
1051.1993631399985
1051.1993631399985
1051.1993631399985
1051.1993631399985
1051.1993631399985
1051.1993631399985
1051.1993631399985
1051.1993631399985
1051.1993631399985
2538.704214795083
1051.1993631399985
1051.1993631399985
1051.1993631399985
1051.1993631399985
1051.1993631399985
1051.1993631399985
1051.1993631399985
1051.1993631399985
1051.1993631399985
1051.1993631399985
1051.1993631399985
1051.1993631399985
1051.1993631399985
2241.4606827915513
1051.1993631399985
1051.1993631399985
1051.1993631399985
1051.1993631399985
2241.4606827915513
2241.4606827915513
2241.4606827915513
1051.1993631399985
2241.4606827915513
2241.4606827915513
2241.4606827915513
2241.4606827915513
2241.4606827915513
2241.4606827915513
2241.4606827915513
2241.4606827915513
2241.4606827915513
2241.4606827915513
2241.4606827915513
2241.4606827915513
2241.4606827915513
2241.4606827915513
2241.4606827915513
2241.4606827915513
2241.4606827915513
2241.4606827915513
2241.4606827915513
2241.4606827915513
2241.4606827915513
2241.4606827915513
2241.4606827915513
2241.4606827915513
2241.4606827915513
2241.4606827915513
2241.4606827915513
2241.4606827915513
2241.4606827915513
2241.4606827915513
2241.4606827915513
2241.4606827915513
2241.4606827915513
2241.4606827915513
2241.4606827915513
2241.4606827915513
2241.4606827915513