P:25 ku:0.3 kw:0.5 ka:0.0 kd:0.0 N:10000 F:3499 KMC:1000 
80.8882113668994
80.8882113668994
80.8882113668994
80.8882113668994
80.8882113668994
80.8882113668994
80.8882113668994
701.6008459753899
701.6008459753899
80.8882113668994
701.6008459753899
80.8882113668994
80.8882113668994
80.8882113668994
80.8882113668994
80.8882113668994
701.6008459753899
80.8882113668994
80.8882113668994
701.6008459753899
80.8882113668994
80.8882113668994
701.6008459753899
80.8882113668994
80.8882113668994
80.8882113668994
538.2553453447628
80.8882113668994
80.8882113668994
80.8882113668994
80.8882113668994
538.2553453447628
80.8882113668994
701.6008459753899
701.6008459753899
80.8882113668994
80.8882113668994
701.6008459753899
538.2553453447628
80.8882113668994
701.6008459753899
701.6008459753899
701.6008459753899
80.8882113668994
538.2553453447628
538.2553453447628
80.8882113668994
538.2553453447628
80.8882113668994
538.2553453447628
701.6008459753899
701.6008459753899
701.6008459753899
80.8882113668994
701.6008459753899
80.8882113668994
80.8882113668994
701.6008459753899
701.6008459753899
701.6008459753899
701.6008459753899
80.8882113668994
701.6008459753899
701.6008459753899
80.8882113668994
701.6008459753899
701.6008459753899
701.6008459753899
538.2553453447628
701.6008459753899
538.2553453447628
538.2553453447628
538.2553453447628
701.6008459753899
80.8882113668994
80.8882113668994
80.8882113668994
701.6008459753899
80.8882113668994
80.8882113668994
701.6008459753899
538.2553453447628
538.2553453447628
538.2553453447628
701.6008459753899
538.2553453447628
80.8882113668994
701.6008459753899
80.8882113668994
538.2553453447628
701.6008459753899
701.6008459753899
538.2553453447628
701.6008459753899
538.2553453447628
80.8882113668994
538.2553453447628
701.6008459753899
538.2553453447628
701.6008459753899
538.2553453447628
538.2553453447628
538.2553453447628
538.2553453447628
538.2553453447628
538.2553453447628
538.2553453447628
538.2553453447628
701.6008459753899
538.2553453447628
538.2553453447628
80.8882113668994
701.6008459753899
538.2553453447628
538.2553453447628
701.6008459753899
538.2553453447628
701.6008459753899
538.2553453447628
701.6008459753899
701.6008459753899
80.8882113668994
701.6008459753899
260.74717696371204
80.8882113668994
260.74717696371204
538.2553453447628
701.6008459753899
538.2553453447628
260.74717696371204
260.74717696371204
538.2553453447628
701.6008459753899
538.2553453447628
260.74717696371204
260.74717696371204
538.2553453447628
538.2553453447628
260.74717696371204
80.8882113668994
538.2553453447628
260.74717696371204
260.74717696371204
260.74717696371204
538.2553453447628
260.74717696371204
260.74717696371204
260.74717696371204
260.74717696371204
538.2553453447628
260.74717696371204
260.74717696371204
260.74717696371204
538.2553453447628
260.74717696371204
260.74717696371204
701.6008459753899
172.49287997145828
260.74717696371204
260.74717696371204
701.6008459753899
260.74717696371204
172.49287997145828
260.74717696371204
172.49287997145828
260.74717696371204
172.49287997145828
172.49287997145828
172.49287997145828
172.49287997145828
538.2553453447628
260.74717696371204
260.74717696371204
172.49287997145828
94.40719406499363
172.49287997145828
538.2553453447628
172.49287997145828
260.74717696371204
260.74717696371204
260.74717696371204
260.74717696371204
260.74717696371204
701.6008459753899
172.49287997145828
260.74717696371204
172.49287997145828
260.74717696371204
260.74717696371204
260.74717696371204
172.49287997145828
260.74717696371204
260.74717696371204
172.49287997145828
172.49287997145828
172.49287997145828
172.49287997145828
172.49287997145828
538.2553453447628
172.49287997145828
94.40719406499363
94.40719406499363
94.40719406499363
538.2553453447628
172.49287997145828
172.49287997145828
94.40719406499363
260.74717696371204
260.74717696371204
260.74717696371204
172.49287997145828
172.49287997145828
94.40719406499363
94.40719406499363
94.40719406499363
260.74717696371204
172.49287997145828
172.49287997145828
260.74717696371204
172.49287997145828
94.40719406499363
260.74717696371204
172.49287997145828
172.49287997145828
94.40719406499363
94.40719406499363
172.49287997145828
94.40719406499363
94.40719406499363
172.49287997145828
172.49287997145828
172.49287997145828
172.49287997145828
94.40719406499363
172.49287997145828
94.40719406499363
260.74717696371204
172.49287997145828
260.74717696371204
834.7529036013129
94.40719406499363
172.49287997145828
260.74717696371204
94.40719406499363
94.40719406499363
172.49287997145828
94.40719406499363
834.7529036013129
94.40719406499363
94.40719406499363
172.49287997145828
94.40719406499363
94.40719406499363
94.40719406499363
834.7529036013129
172.49287997145828
834.7529036013129
94.40719406499363
260.74717696371204
94.40719406499363
172.49287997145828
94.40719406499363
172.49287997145828
834.7529036013129
172.49287997145828
94.40719406499363
94.40719406499363
834.7529036013129
172.49287997145828
834.7529036013129
834.7529036013129
834.7529036013129
834.7529036013129
94.40719406499363
231.21734521371104
94.40719406499363
94.40719406499363
834.7529036013129
94.40719406499363
834.7529036013129
834.7529036013129
94.40719406499363
834.7529036013129
231.21734521371104
834.7529036013129
94.40719406499363
94.40719406499363
94.40719406499363
834.7529036013129
834.7529036013129
231.21734521371104
834.7529036013129
834.7529036013129
834.7529036013129
834.7529036013129
172.49287997145828
94.40719406499363
172.49287997145828
231.21734521371104
834.7529036013129
94.40719406499363
94.40719406499363
834.7529036013129
231.21734521371104
134.24869309360685
231.21734521371104
834.7529036013129
231.21734521371104
94.40719406499363
231.21734521371104
834.7529036013129
834.7529036013129
834.7529036013129
231.21734521371104
231.21734521371104
231.21734521371104
260.74717696371204
172.49287997145828
85.81221401653717
231.21734521371104
834.7529036013129
94.40719406499363
231.21734521371104
231.21734521371104
834.7529036013129
834.7529036013129
172.49287997145828
94.40719406499363
94.40719406499363
834.7529036013129
231.21734521371104
834.7529036013129
530.1764147421803
231.21734521371104
134.24869309360685
834.7529036013129
231.21734521371104
231.21734521371104
134.24869309360685
85.81221401653717
231.21734521371104
231.21734521371104
134.24869309360685
834.7529036013129
530.1764147421803
134.24869309360685
85.81221401653717
834.7529036013129
834.7529036013129
85.81221401653717
231.21734521371104
231.21734521371104
134.24869309360685
231.21734521371104
85.81221401653717
834.7529036013129
94.40719406499363
530.1764147421803
231.21734521371104
834.7529036013129
834.7529036013129
85.81221401653717
231.21734521371104
134.24869309360685
834.7529036013129
134.24869309360685
85.81221401653717
834.7529036013129
134.24869309360685
530.1764147421803
231.21734521371104
134.24869309360685
231.21734521371104
134.24869309360685
85.81221401653717
530.1764147421803
134.24869309360685
172.49287997145828
231.21734521371104
231.21734521371104
530.1764147421803
134.24869309360685
530.1764147421803
134.24869309360685
134.24869309360685
85.81221401653717
231.21734521371104
85.81221401653717
134.24869309360685
231.21734521371104
85.81221401653717
134.24869309360685
134.24869309360685
530.1764147421803
834.7529036013129
134.24869309360685
231.21734521371104
530.1764147421803
231.21734521371104
85.81221401653717
94.40719406499363
85.81221401653717
231.21734521371104
231.21734521371104
834.7529036013129
85.81221401653717
231.21734521371104
134.24869309360685
134.24869309360685
231.21734521371104
134.24869309360685
134.24869309360685
85.81221401653717
85.81221401653717
94.40719406499363
85.81221401653717
85.81221401653717
85.81221401653717
134.24869309360685
85.81221401653717
85.81221401653717
530.1764147421803
231.21734521371104
834.7529036013129
94.40719406499363
231.21734521371104
530.1764147421803
231.21734521371104
134.24869309360685
85.81221401653717
134.24869309360685
530.1764147421803
85.81221401653717
231.21734521371104
530.1764147421803
85.81221401653717
85.81221401653717
134.24869309360685
85.81221401653717
85.81221401653717
530.1764147421803
834.7529036013129
134.24869309360685
530.1764147421803
530.1764147421803
530.1764147421803
530.1764147421803
134.24869309360685
134.24869309360685
85.81221401653717
530.1764147421803
134.24869309360685
530.1764147421803
530.1764147421803
134.24869309360685
530.1764147421803
530.1764147421803
134.24869309360685
134.24869309360685
530.1764147421803
530.1764147421803
85.81221401653717
85.81221401653717
530.1764147421803
530.1764147421803
231.21734521371104
834.7529036013129
231.21734521371104
85.81221401653717
85.81221401653717
530.1764147421803
134.24869309360685
85.81221401653717
231.21734521371104
134.24869309360685
834.7529036013129
134.24869309360685
134.24869309360685
231.21734521371104
85.81221401653717
134.24869309360685
85.81221401653717
85.81221401653717
85.81221401653717
134.24869309360685
530.1764147421803
530.1764147421803
530.1764147421803
134.24869309360685
834.7529036013129
85.81221401653717
134.24869309360685
85.81221401653717
85.81221401653717
530.1764147421803
85.81221401653717
530.1764147421803
530.1764147421803
530.1764147421803
530.1764147421803
530.1764147421803
530.1764147421803
85.81221401653717
723.1849371942379
231.21734521371104
134.24869309360685
85.81221401653717
231.21734521371104
134.24869309360685
134.24869309360685
85.81221401653717
530.1764147421803
392.2763193387522
530.1764147421803
530.1764147421803
530.1764147421803
723.1849371942379
530.1764147421803
231.21734521371104
85.81221401653717
723.1849371942379
530.1764147421803
134.24869309360685
723.1849371942379
392.2763193387522
392.2763193387522
85.81221401653717
723.1849371942379
134.24869309360685
134.24869309360685
392.2763193387522
530.1764147421803
723.1849371942379
723.1849371942379
723.1849371942379
392.2763193387522
85.81221401653717
530.1764147421803
85.81221401653717
723.1849371942379
723.1849371942379
723.1849371942379
723.1849371942379
723.1849371942379
530.1764147421803
723.1849371942379
723.1849371942379
723.1849371942379
392.2763193387522
723.1849371942379
723.1849371942379
392.2763193387522
530.1764147421803
723.1849371942379
392.2763193387522
392.2763193387522
392.2763193387522
392.2763193387522
723.1849371942379
392.2763193387522
392.2763193387522
723.1849371942379
392.2763193387522
392.2763193387522
392.2763193387522
392.2763193387522
723.1849371942379
392.2763193387522
723.1849371942379
723.1849371942379
392.2763193387522
723.1849371942379
723.1849371942379
392.2763193387522
392.2763193387522
392.2763193387522
723.1849371942379
392.2763193387522
723.1849371942379
723.1849371942379
723.1849371942379
392.2763193387522
723.1849371942379
392.2763193387522
392.2763193387522
723.1849371942379
392.2763193387522
76.6408964959467
723.1849371942379
392.2763193387522
392.2763193387522
723.1849371942379
392.2763193387522
392.2763193387522
723.1849371942379
723.1849371942379
723.1849371942379
723.1849371942379
723.1849371942379
723.1849371942379
392.2763193387522
723.1849371942379
76.6408964959467
76.6408964959467
76.6408964959467
392.2763193387522
723.1849371942379
392.2763193387522
76.6408964959467
392.2763193387522
392.2763193387522
76.6408964959467
392.2763193387522
723.1849371942379
392.2763193387522
392.2763193387522
76.6408964959467
312.37001419045043
392.2763193387522
76.6408964959467
392.2763193387522
392.2763193387522
76.6408964959467
76.6408964959467
76.6408964959467
76.6408964959467
76.6408964959467
312.37001419045043
76.6408964959467
723.1849371942379
312.37001419045043
76.6408964959467
723.1849371942379
76.6408964959467
723.1849371942379
392.2763193387522
312.37001419045043
76.6408964959467
76.6408964959467
76.6408964959467
312.37001419045043
392.2763193387522
76.6408964959467
392.2763193387522
76.6408964959467
76.6408964959467
312.37001419045043
312.37001419045043
312.37001419045043
312.37001419045043
312.37001419045043
723.1849371942379
76.6408964959467
312.37001419045043
392.2763193387522
76.6408964959467
76.6408964959467
312.37001419045043
312.37001419045043
76.6408964959467
76.6408964959467
723.1849371942379
312.37001419045043
312.37001419045043
392.2763193387522
392.2763193387522
76.6408964959467
76.6408964959467
76.6408964959467
76.6408964959467
76.6408964959467
312.37001419045043
76.6408964959467
312.37001419045043
76.6408964959467
76.6408964959467
312.37001419045043
76.6408964959467
76.6408964959467
312.37001419045043
312.37001419045043
76.6408964959467
312.37001419045043
312.37001419045043
312.37001419045043
76.6408964959467
312.37001419045043
312.37001419045043
312.37001419045043
312.37001419045043
312.37001419045043
76.6408964959467
312.37001419045043
76.6408964959467
312.37001419045043
312.37001419045043
312.37001419045043
312.37001419045043
76.6408964959467
76.6408964959467
312.37001419045043
312.37001419045043
76.6408964959467
312.37001419045043
312.37001419045043
312.37001419045043
312.37001419045043
76.6408964959467
312.37001419045043
312.37001419045043
312.37001419045043
312.37001419045043
76.6408964959467
312.37001419045043
312.37001419045043
76.6408964959467
312.37001419045043
76.6408964959467
312.37001419045043
319.6849812043389
312.37001419045043
118.52104624233085
319.6849812043389
839.0608228944637
319.6849812043389
319.6849812043389
118.52104624233085
319.6849812043389
319.6849812043389
118.52104624233085
319.6849812043389
319.6849812043389
319.6849812043389
319.6849812043389
839.0608228944637
319.6849812043389
319.6849812043389
118.52104624233085
118.52104624233085
319.6849812043389
839.0608228944637
319.6849812043389
118.52104624233085
319.6849812043389
319.6849812043389
319.6849812043389
319.6849812043389
319.6849812043389
319.6849812043389
839.0608228944637
319.6849812043389
319.6849812043389
319.6849812043389
319.6849812043389
118.52104624233085
118.52104624233085
118.52104624233085
319.6849812043389
319.6849812043389
319.6849812043389
839.0608228944637
319.6849812043389
118.52104624233085
118.52104624233085
319.6849812043389
118.52104624233085
118.52104624233085
118.52104624233085
319.6849812043389
319.6849812043389
839.0608228944637
319.6849812043389
839.0608228944637
839.0608228944637
118.52104624233085
118.52104624233085
839.0608228944637
839.0608228944637
118.52104624233085
135.87672806666362
319.6849812043389
118.52104624233085
319.6849812043389
319.6849812043389
118.52104624233085
118.52104624233085
118.52104624233085
118.52104624233085
319.6849812043389
839.0608228944637
118.52104624233085
839.0608228944637
839.0608228944637
839.0608228944637
118.52104624233085
839.0608228944637
319.6849812043389
118.52104624233085
319.6849812043389
839.0608228944637
118.52104624233085
118.52104624233085
839.0608228944637
118.52104624233085
839.0608228944637
135.87672806666362
118.52104624233085
118.52104624233085
118.52104624233085
839.0608228944637
319.6849812043389
118.52104624233085
839.0608228944637
839.0608228944637
135.87672806666362
118.52104624233085
118.52104624233085
319.6849812043389
118.52104624233085
839.0608228944637
220.7823690441114
839.0608228944637
319.6849812043389
839.0608228944637
839.0608228944637
839.0608228944637
839.0608228944637
118.52104624233085
839.0608228944637
839.0608228944637
319.6849812043389
839.0608228944637
839.0608228944637
220.7823690441114
118.52104624233085
118.52104624233085
839.0608228944637
839.0608228944637
135.87672806666362
839.0608228944637
839.0608228944637
135.87672806666362
319.6849812043389
135.87672806666362
135.87672806666362
839.0608228944637
118.52104624233085
839.0608228944637
839.0608228944637
220.7823690441114
135.87672806666362
135.87672806666362
319.6849812043389
118.52104624233085
135.87672806666362
135.87672806666362
135.87672806666362
319.6849812043389
135.87672806666362
135.87672806666362
135.87672806666362
135.87672806666362
319.6849812043389
839.0608228944637
135.87672806666362
839.0608228944637
319.6849812043389
118.52104624233085
220.7823690441114
118.52104624233085
220.7823690441114
220.7823690441114
135.87672806666362
118.52104624233085
135.87672806666362
135.87672806666362
135.87672806666362
118.52104624233085
135.87672806666362
135.87672806666362
135.87672806666362
118.52104624233085
220.7823690441114
135.87672806666362
135.87672806666362
220.7823690441114
135.87672806666362
839.0608228944637
135.87672806666362
118.52104624233085
135.87672806666362
220.7823690441114
220.7823690441114
118.52104624233085
135.87672806666362
839.0608228944637
839.0608228944637
220.7823690441114
135.87672806666362
220.7823690441114
839.0608228944637
135.87672806666362
220.7823690441114
319.6849812043389
220.7823690441114
220.7823690441114
220.7823690441114
220.7823690441114
220.7823690441114
220.7823690441114
220.7823690441114
220.7823690441114
220.7823690441114
220.7823690441114
220.7823690441114
839.0608228944637
839.0608228944637
220.7823690441114
135.87672806666362
135.87672806666362
839.0608228944637
220.7823690441114
220.7823690441114
135.87672806666362
118.52104624233085
135.87672806666362
135.87672806666362
220.7823690441114
135.87672806666362
220.7823690441114
220.7823690441114
220.7823690441114
220.7823690441114
135.87672806666362
220.7823690441114
135.87672806666362
220.7823690441114
220.7823690441114
839.0608228944637
276.1540727994872
220.7823690441114
135.87672806666362
220.7823690441114
135.87672806666362
220.7823690441114
220.7823690441114
220.7823690441114
276.1540727994872
135.87672806666362
135.87672806666362
135.87672806666362
276.1540727994872
276.1540727994872
135.87672806666362
220.7823690441114
276.1540727994872
220.7823690441114
220.7823690441114
276.1540727994872
276.1540727994872
135.87672806666362
276.1540727994872
220.7823690441114
276.1540727994872
743.8718850240192
276.1540727994872
220.7823690441114
276.1540727994872
220.7823690441114
276.1540727994872
220.7823690441114
743.8718850240192
139.2414550906142
276.1540727994872
139.2414550906142
276.1540727994872
276.1540727994872
276.1540727994872
276.1540727994872
276.1540727994872
276.1540727994872
276.1540727994872
276.1540727994872
276.1540727994872
276.1540727994872
743.8718850240192
276.1540727994872
276.1540727994872
276.1540727994872
135.87672806666362
139.2414550906142
743.8718850240192
743.8718850240192
276.1540727994872
139.2414550906142
743.8718850240192
276.1540727994872
276.1540727994872
139.2414550906142
743.8718850240192
743.8718850240192
276.1540727994872
276.1540727994872
743.8718850240192
743.8718850240192
743.8718850240192
139.2414550906142
276.1540727994872
139.2414550906142
743.8718850240192
623.5698587709755
139.2414550906142
220.7823690441114
743.8718850240192
276.1540727994872
139.2414550906142
743.8718850240192
139.2414550906142
139.2414550906142
139.2414550906142
743.8718850240192
743.8718850240192
276.1540727994872
139.2414550906142
276.1540727994872
743.8718850240192
743.8718850240192
743.8718850240192
623.5698587709755
743.8718850240192
743.8718850240192
276.1540727994872
139.2414550906142
139.2414550906142
743.8718850240192
743.8718850240192
139.2414550906142
276.1540727994872
276.1540727994872
139.2414550906142
743.8718850240192
623.5698587709755
139.2414550906142
276.1540727994872
743.8718850240192
139.2414550906142
743.8718850240192
276.1540727994872
139.2414550906142
139.2414550906142
139.2414550906142
139.2414550906142
623.5698587709755
743.8718850240192
743.8718850240192
139.2414550906142
276.1540727994872
139.2414550906142
743.8718850240192
139.2414550906142
623.5698587709755
139.2414550906142
743.8718850240192
743.8718850240192
623.5698587709755
139.2414550906142
139.2414550906142
743.8718850240192
276.1540727994872
623.5698587709755
276.1540727994872
623.5698587709755
623.5698587709755
623.5698587709755
139.2414550906142
623.5698587709755
139.2414550906142
623.5698587709755
743.8718850240192
623.5698587709755
623.5698587709755
139.2414550906142
743.8718850240192
623.5698587709755
743.8718850240192
623.5698587709755
276.1540727994872
139.2414550906142
139.2414550906142
743.8718850240192
139.2414550906142
743.8718850240192
743.8718850240192
139.2414550906142
623.5698587709755
623.5698587709755
623.5698587709755
276.1540727994872
139.2414550906142
623.5698587709755
139.2414550906142
743.8718850240192
623.5698587709755
623.5698587709755
743.8718850240192
276.1540727994872
743.8718850240192
623.5698587709755
623.5698587709755
139.2414550906142
623.5698587709755
139.2414550906142
623.5698587709755
623.5698587709755
623.5698587709755
139.2414550906142
623.5698587709755
743.8718850240192
743.8718850240192
139.2414550906142
623.5698587709755
139.2414550906142
743.8718850240192
623.5698587709755
35.96562181370742
276.1540727994872
743.8718850240192
623.5698587709755
139.2414550906142
35.96562181370742
745.4954807561421
35.96562181370742
139.2414550906142
623.5698587709755
623.5698587709755
35.96562181370742
35.96562181370742
623.5698587709755
623.5698587709755
623.5698587709755
276.1540727994872
745.4954807561421
743.8718850240192
35.96562181370742
745.4954807561421
745.4954807561421
35.96562181370742
623.5698587709755
623.5698587709755
139.2414550906142
623.5698587709755
35.96562181370742
35.96562181370742
745.4954807561421
35.96562181370742
35.96562181370742
623.5698587709755
623.5698587709755
35.96562181370742
35.96562181370742
745.4954807561421
35.96562181370742
745.4954807561421
35.96562181370742
35.96562181370742
623.5698587709755
745.4954807561421
745.4954807561421
35.96562181370742
745.4954807561421
35.96562181370742
35.96562181370742
745.4954807561421
590.8994356451745
745.4954807561421
745.4954807561421
623.5698587709755
35.96562181370742
745.4954807561421
745.4954807561421
590.8994356451745
743.8718850240192
139.2414550906142
590.8994356451745
623.5698587709755
590.8994356451745
35.96562181370742
745.4954807561421
35.96562181370742
745.4954807561421
590.8994356451745
745.4954807561421
35.96562181370742
745.4954807561421
35.96562181370742
757.937687921243
743.8718850240192
35.96562181370742
745.4954807561421
35.96562181370742
745.4954807561421
757.937687921243
745.4954807561421
757.937687921243
35.96562181370742
130.59856013333595
745.4954807561421
757.937687921243
139.2414550906142
757.937687921243
745.4954807561421
623.5698587709755
130.59856013333595
745.4954807561421
590.8994356451745
35.96562181370742
35.96562181370742
590.8994356451745
130.59856013333595
35.96562181370742
130.59856013333595
35.96562181370742
590.8994356451745
130.59856013333595
745.4954807561421
745.4954807561421
590.8994356451745
35.96562181370742
590.8994356451745
623.5698587709755
757.937687921243
590.8994356451745
590.8994356451745
757.937687921243
745.4954807561421
590.8994356451745
745.4954807561421
745.4954807561421
745.4954807561421
35.96562181370742
757.937687921243
757.937687921243
590.8994356451745
35.96562181370742
745.4954807561421
590.8994356451745
757.937687921243
745.4954807561421
35.96562181370742
757.937687921243
130.59856013333595
35.96562181370742
35.96562181370742
35.96562181370742
130.59856013333595
590.8994356451745
757.937687921243
590.8994356451745
35.96562181370742
757.937687921243
590.8994356451745
130.59856013333595
130.59856013333595
130.59856013333595
35.96562181370742
590.8994356451745
130.59856013333595
130.59856013333595
590.8994356451745
130.59856013333595
590.8994356451745
757.937687921243
757.937687921243
437.06356018157675
745.4954807561421
757.937687921243
745.4954807561421
745.4954807561421
130.59856013333595
623.5698587709755
35.96562181370742
757.937687921243
590.8994356451745
757.937687921243
745.4954807561421
745.4954807561421
590.8994356451745
590.8994356451745
590.8994356451745
130.59856013333595
745.4954807561421
757.937687921243
437.06356018157675
35.96562181370742
757.937687921243
757.937687921243
745.4954807561421
130.59856013333595
130.59856013333595
437.06356018157675
745.4954807561421
35.96562181370742
130.59856013333595
757.937687921243
757.937687921243
130.59856013333595
757.937687921243
590.8994356451745
757.937687921243
590.8994356451745
130.59856013333595
437.06356018157675
590.8994356451745
35.96562181370742
35.96562181370742
590.8994356451745
745.4954807561421
590.8994356451745
590.8994356451745
590.8994356451745
130.59856013333595
437.06356018157675
130.59856013333595
130.59856013333595
437.06356018157675
757.937687921243
757.937687921243
590.8994356451745
745.4954807561421
130.59856013333595
130.59856013333595
757.937687921243
590.8994356451745
757.937687921243
130.59856013333595
745.4954807561421
757.937687921243
745.4954807561421
757.937687921243
437.06356018157675
757.937687921243
35.96562181370742
130.59856013333595
437.06356018157675
130.59856013333595
757.937687921243
130.59856013333595
130.59856013333595
130.59856013333595
130.59856013333595
437.06356018157675
35.96562181370742
130.59856013333595
437.06356018157675
437.06356018157675
745.4954807561421
437.06356018157675
437.06356018157675
590.8994356451745
590.8994356451745
590.8994356451745
757.937687921243
590.8994356451745
437.06356018157675
590.8994356451745
590.8994356451745
745.4954807561421
130.59856013333595
590.8994356451745
590.8994356451745
477.3522087749516
757.937687921243
757.937687921243
437.06356018157675
437.06356018157675
757.937687921243
757.937687921243
437.06356018157675
130.59856013333595
477.3522087749516
437.06356018157675
757.937687921243
757.937687921243
130.59856013333595
130.59856013333595
130.59856013333595
437.06356018157675
477.3522087749516
757.937687921243
757.937687921243
130.59856013333595
437.06356018157675
590.8994356451745
130.59856013333595
590.8994356451745
590.8994356451745
437.06356018157675
437.06356018157675
437.06356018157675
130.59856013333595
130.59856013333595
477.3522087749516
437.06356018157675
437.06356018157675
477.3522087749516
437.06356018157675
477.3522087749516
477.3522087749516
477.3522087749516
757.937687921243
477.3522087749516
437.06356018157675
437.06356018157675
437.06356018157675
35.96562181370742
437.06356018157675
757.937687921243
590.8994356451745
437.06356018157675
757.937687921243
477.3522087749516
477.3522087749516
590.8994356451745
130.59856013333595
477.3522087749516
757.937687921243
130.59856013333595
437.06356018157675
130.59856013333595
437.06356018157675
437.06356018157675
745.4954807561421
757.937687921243
130.59856013333595
437.06356018157675
477.3522087749516
437.06356018157675
477.3522087749516
437.06356018157675
477.3522087749516
437.06356018157675
477.3522087749516
130.59856013333595
437.06356018157675
437.06356018157675
477.3522087749516
477.3522087749516
477.3522087749516
477.3522087749516
477.3522087749516
477.3522087749516
477.3522087749516
437.06356018157675
437.06356018157675
419.63416161322084
477.3522087749516
477.3522087749516
477.3522087749516
477.3522087749516
477.3522087749516
437.06356018157675
419.63416161322084
419.63416161322084
477.3522087749516
419.63416161322084
590.8994356451745
477.3522087749516
477.3522087749516
419.63416161322084
437.06356018157675
437.06356018157675
419.63416161322084
446.054330804014
477.3522087749516
477.3522087749516
477.3522087749516
477.3522087749516
477.3522087749516
477.3522087749516
437.06356018157675
419.63416161322084
419.63416161322084
477.3522087749516
477.3522087749516
757.937687921243
477.3522087749516
419.63416161322084
446.054330804014
446.054330804014
477.3522087749516
446.054330804014
437.06356018157675
446.054330804014
332.60878873418415
419.63416161322084
130.59856013333595
419.63416161322084
446.054330804014
419.63416161322084
419.63416161322084
419.63416161322084
419.63416161322084
419.63416161322084
419.63416161322084
419.63416161322084
446.054330804014
477.3522087749516
419.63416161322084
446.054330804014
477.3522087749516
446.054330804014
446.054330804014
419.63416161322084
332.60878873418415
419.63416161322084
332.60878873418415
446.054330804014
332.60878873418415
446.054330804014
446.054330804014
477.3522087749516
446.054330804014
446.054330804014
446.054330804014
419.63416161322084
446.054330804014
446.054330804014
419.63416161322084
332.60878873418415
477.3522087749516
419.63416161322084
419.63416161322084
446.054330804014
477.3522087749516
419.63416161322084
419.63416161322084
332.60878873418415
446.054330804014
419.63416161322084
437.06356018157675
419.63416161322084
446.054330804014
332.60878873418415
446.054330804014
332.60878873418415
298.9567064184032
419.63416161322084
331.6615766634522
419.63416161322084
568.0034516656787
446.054330804014
332.60878873418415
419.63416161322084
332.60878873418415
332.60878873418415
419.63416161322084
446.054330804014
419.63416161322084
419.63416161322084
419.63416161322084
332.60878873418415
332.60878873418415
446.054330804014
332.60878873418415
477.3522087749516
446.054330804014
332.60878873418415
446.054330804014
419.63416161322084
332.60878873418415
419.63416161322084
446.054330804014
446.054330804014
332.60878873418415
419.63416161322084
298.9567064184032
332.60878873418415
298.9567064184032
446.054330804014
446.054330804014
446.054330804014
332.60878873418415
419.63416161322084
298.9567064184032
331.6615766634522
298.9567064184032
446.054330804014
55.25471043830508
446.054330804014
332.60878873418415
332.60878873418415
331.6615766634522
446.054330804014
419.63416161322084
446.054330804014
331.6615766634522
446.054330804014
332.60878873418415
406.01010270366965
419.63416161322084
332.60878873418415
568.0034516656787
568.0034516656787
331.6615766634522
568.0034516656787
419.63416161322084
419.63416161322084
298.9567064184032
332.60878873418415
446.054330804014
298.9567064184032
298.9567064184032
331.6615766634522
332.60878873418415
332.60878873418415
298.9567064184032
568.0034516656787
332.60878873418415
446.054330804014
332.60878873418415
298.9567064184032
446.054330804014
331.6615766634522
419.63416161322084
332.60878873418415
331.6615766634522
298.9567064184032
332.60878873418415
298.9567064184032
477.3522087749516
419.63416161322084
332.60878873418415
331.6615766634522
332.60878873418415
332.60878873418415
55.25471043830508
331.6615766634522
568.0034516656787
568.0034516656787
446.054330804014
332.60878873418415
331.6615766634522
568.0034516656787
446.054330804014
446.054330804014
298.9567064184032
298.9567064184032
298.9567064184032
298.9567064184032
568.0034516656787
331.6615766634522
446.054330804014
331.6615766634522
406.01010270366965
332.60878873418415
298.9567064184032
568.0034516656787
331.6615766634522
332.60878873418415
55.25471043830508
568.0034516656787
55.25471043830508
298.9567064184032
298.9567064184032
298.9567064184032
331.6615766634522
331.6615766634522
446.054330804014
298.9567064184032
331.6615766634522
332.60878873418415
568.0034516656787
446.054330804014
55.25471043830508
298.9567064184032
406.01010270366965
298.9567064184032
568.0034516656787
331.6615766634522
406.01010270366965
331.6615766634522
298.9567064184032
331.6615766634522
332.60878873418415
568.0034516656787
55.25471043830508
153.31155116052682
55.25471043830508
331.6615766634522
332.60878873418415
332.60878873418415
419.63416161322084
332.60878873418415
55.25471043830508
331.6615766634522
55.25471043830508
406.01010270366965
331.6615766634522
568.0034516656787
331.6615766634522
298.9567064184032
55.25471043830508
568.0034516656787
498.81620626768535
298.9567064184032
406.01010270366965
406.01010270366965
568.0034516656787
568.0034516656787
406.01010270366965
55.25471043830508
298.9567064184032
568.0034516656787
406.01010270366965
153.31155116052682
568.0034516656787
568.0034516656787
331.6615766634522
568.0034516656787
298.9567064184032
406.01010270366965
298.9567064184032
568.0034516656787
332.60878873418415
332.60878873418415
331.6615766634522
298.9567064184032
498.81620626768535
298.9567064184032
568.0034516656787
298.9567064184032
55.25471043830508
298.9567064184032
298.9567064184032
446.054330804014
331.6615766634522
331.6615766634522
332.60878873418415
331.6615766634522
568.0034516656787
331.6615766634522
55.25471043830508
568.0034516656787
332.60878873418415
153.31155116052682
55.25471043830508
153.31155116052682
406.01010270366965
298.9567064184032
331.6615766634522
331.6615766634522
568.0034516656787
331.6615766634522
153.31155116052682
55.25471043830508
331.6615766634522
298.9567064184032
568.0034516656787
55.25471043830508
406.01010270366965
568.0034516656787
55.25471043830508
298.9567064184032
568.0034516656787
498.81620626768535
406.01010270366965
55.25471043830508
406.01010270366965
406.01010270366965
498.81620626768535
153.31155116052682
153.31155116052682
298.9567064184032
153.31155116052682
153.31155116052682
55.25471043830508
55.25471043830508
55.25471043830508
406.01010270366965
568.0034516656787
55.25471043830508
55.25471043830508
55.25471043830508
331.6615766634522
568.0034516656787
153.31155116052682
332.60878873418415
331.6615766634522
406.01010270366965
568.0034516656787
298.9567064184032
568.0034516656787
498.81620626768535
332.60878873418415
298.9567064184032
331.6615766634522
331.6615766634522
406.01010270366965
498.81620626768535
406.01010270366965
406.01010270366965
498.81620626768535
498.81620626768535
406.01010270366965
406.01010270366965
568.0034516656787
498.81620626768535
406.01010270366965
331.6615766634522
298.9567064184032
568.0034516656787
153.31155116052682
153.31155116052682
55.25471043830508
55.25471043830508
568.0034516656787
498.81620626768535
568.0034516656787
498.81620626768535
55.25471043830508
55.25471043830508
406.01010270366965
298.9567064184032
568.0034516656787
331.6615766634522
298.9567064184032
153.31155116052682
406.01010270366965
331.6615766634522
153.31155116052682
406.01010270366965
406.01010270366965
55.25471043830508
55.25471043830508
406.01010270366965
419.63416161322084
298.9567064184032
55.25471043830508
55.25471043830508
87.06094450500383
498.81620626768535
331.6615766634522
331.6615766634522
498.81620626768535
153.31155116052682
568.0034516656787
153.31155116052682
498.81620626768535
568.0034516656787
568.0034516656787
298.9567064184032
87.06094450500383
406.01010270366965
153.31155116052682
153.31155116052682
153.31155116052682
268.21087264795676
406.01010270366965
55.25471043830508
298.9567064184032
153.31155116052682
55.25471043830508
406.01010270366965
498.81620626768535
498.81620626768535
153.31155116052682
568.0034516656787
498.81620626768535
498.81620626768535
331.6615766634522
498.81620626768535
55.25471043830508
153.31155116052682
98.73517862709362
406.01010270366965
153.31155116052682
55.25471043830508
55.25471043830508
153.31155116052682
406.01010270366965
446.054330804014
153.31155116052682
498.81620626768535
268.21087264795676
55.25471043830508
406.01010270366965
498.81620626768535
331.6615766634522
123.89013845872401
568.0034516656787
406.01010270366965
87.06094450500383
406.01010270366965
87.06094450500383
153.31155116052682
55.25471043830508
498.81620626768535
55.25471043830508
87.06094450500383
331.6615766634522
406.01010270366965
498.81620626768535
498.81620626768535
298.9567064184032
98.73517862709362
87.06094450500383
498.81620626768535
197.75049373428607
331.6615766634522
153.31155116052682
406.01010270366965
268.21087264795676
98.73517862709362
268.21087264795676
268.21087264795676
98.73517862709362
498.81620626768535
406.01010270366965
568.0034516656787
268.21087264795676
98.73517862709362
568.0034516656787
87.06094450500383
153.31155116052682
153.31155116052682
98.73517862709362
55.25471043830508
406.01010270366965
123.89013845872401
55.25471043830508
153.31155116052682
55.25471043830508
498.81620626768535
568.0034516656787
87.06094450500383
332.60878873418415
123.89013845872401
87.06094450500383
123.89013845872401
123.89013845872401
268.21087264795676
268.21087264795676
153.31155116052682
197.75049373428607
87.06094450500383
268.21087264795676
123.89013845872401
153.31155116052682
406.01010270366965
406.01010270366965
153.31155116052682
498.81620626768535
153.31155116052682
498.81620626768535
197.75049373428607
268.21087264795676
153.31155116052682
87.06094450500383
98.73517862709362
197.75049373428607
153.31155116052682
55.25471043830508
498.81620626768535
197.75049373428607
498.81620626768535
153.31155116052682
406.01010270366965
197.75049373428607
98.73517862709362
98.73517862709362
98.73517862709362
268.21087264795676
498.81620626768535
55.25471043830508
153.31155116052682
498.81620626768535
498.81620626768535
406.01010270366965
55.25471043830508
498.81620626768535
123.89013845872401
123.89013845872401
153.31155116052682
197.75049373428607
406.01010270366965
98.73517862709362
87.06094450500383
55.25471043830508
268.21087264795676
406.01010270366965
153.31155116052682
498.81620626768535
123.89013845872401
123.89013845872401
498.81620626768535
153.31155116052682
123.89013845872401
87.06094450500383
87.06094450500383
87.06094450500383
498.81620626768535
277.72338080351557
406.01010270366965
98.73517862709362
197.75049373428607
87.06094450500383
498.81620626768535
197.75049373428607
197.75049373428607
498.81620626768535
197.75049373428607
277.72338080351557
268.21087264795676
153.31155116052682
87.06094450500383
498.81620626768535
268.21087264795676
87.06094450500383
123.89013845872401
498.81620626768535
87.06094450500383
197.75049373428607
153.31155116052682
98.73517862709362
268.21087264795676
298.9567064184032
517.3385156772069
268.21087264795676
517.3385156772069
277.72338080351557
98.73517862709362
277.72338080351557
268.21087264795676
153.31155116052682
87.06094450500383
277.72338080351557
123.89013845872401
98.73517862709362
268.21087264795676
268.21087264795676
498.81620626768535
153.31155116052682
277.72338080351557
98.73517862709362
517.3385156772069
331.6615766634522
98.73517862709362
123.89013845872401
268.21087264795676
87.06094450500383
87.06094450500383
123.89013845872401
98.73517862709362
197.75049373428607
123.89013845872401
98.73517862709362
568.0034516656787
517.3385156772069
87.06094450500383
498.81620626768535
498.81620626768535
87.06094450500383
153.31155116052682
98.73517862709362
197.75049373428607
123.89013845872401
268.21087264795676
517.3385156772069
197.75049373428607
268.21087264795676
517.3385156772069
197.75049373428607
98.73517862709362
87.06094450500383
123.89013845872401
87.06094450500383
268.21087264795676
197.75049373428607
98.73517862709362
268.21087264795676
87.06094450500383
197.75049373428607
123.89013845872401
123.89013845872401
123.89013845872401
153.31155116052682
268.21087264795676
360.25474685462285
498.81620626768535
87.06094450500383
277.72338080351557
360.25474685462285
360.25474685462285
268.21087264795676
98.73517862709362
98.73517862709362
268.21087264795676
197.75049373428607
360.25474685462285
360.25474685462285
87.06094450500383
197.75049373428607
87.06094450500383
98.73517862709362
277.72338080351557
268.21087264795676
87.06094450500383
277.72338080351557
277.72338080351557
98.73517862709362
123.89013845872401
197.75049373428607
123.89013845872401
98.73517862709362
517.3385156772069
197.75049373428607
123.89013845872401
517.3385156772069
268.21087264795676
268.21087264795676
87.06094450500383
87.06094450500383
98.73517862709362
123.89013845872401
87.06094450500383
123.89013845872401
123.89013845872401
277.72338080351557
197.75049373428607
268.21087264795676
87.06094450500383
360.25474685462285
98.73517862709362
517.3385156772069
87.06094450500383
197.75049373428607
87.06094450500383
98.73517862709362
268.21087264795676
98.73517862709362
123.89013845872401
268.21087264795676
684.8847969643954
98.73517862709362
268.21087264795676
684.8847969643954
197.75049373428607
268.21087264795676
277.72338080351557
197.75049373428607
517.3385156772069
55.25471043830508
123.89013845872401
517.3385156772069
684.8847969643954
268.21087264795676
98.73517862709362
268.21087264795676
277.72338080351557
87.06094450500383
123.89013845872401
498.81620626768535
123.89013845872401
87.06094450500383
197.75049373428607
98.73517862709362
197.75049373428607
360.25474685462285
123.89013845872401
360.25474685462285
98.73517862709362
197.75049373428607
684.8847969643954
87.06094450500383
98.73517862709362
684.8847969643954
277.72338080351557
406.01010270366965
277.72338080351557
197.75049373428607
517.3385156772069
684.8847969643954
123.89013845872401
98.73517862709362
277.72338080351557
123.89013845872401
268.21087264795676
87.06094450500383
268.21087264795676
197.75049373428607
98.73517862709362
87.06094450500383
277.72338080351557
87.06094450500383
360.25474685462285
517.3385156772069
517.3385156772069
268.21087264795676
277.72338080351557
197.75049373428607
197.75049373428607
197.75049373428607
98.73517862709362
517.3385156772069
123.89013845872401
123.89013845872401
360.25474685462285
123.89013845872401
268.21087264795676
98.73517862709362
268.21087264795676
87.06094450500383
277.72338080351557
517.3385156772069
268.21087264795676
517.3385156772069
360.25474685462285
268.21087264795676
98.73517862709362
236.68880785122641
684.8847969643954
98.73517862709362
123.89013845872401
236.68880785122641
236.68880785122641
123.89013845872401
197.75049373428607
123.89013845872401
360.25474685462285
197.75049373428607
197.75049373428607
98.73517862709362
684.8847969643954
236.68880785122641
236.68880785122641
277.72338080351557
98.73517862709362
517.3385156772069
123.89013845872401
277.72338080351557
82.64190669590965
684.8847969643954
82.64190669590965
360.25474685462285
197.75049373428607
197.75049373428607
517.3385156772069
197.75049373428607
684.8847969643954
82.64190669590965
236.68880785122641
82.64190669590965
123.89013845872401
197.75049373428607
197.75049373428607
82.64190669590965
123.89013845872401
197.75049373428607
182.59277471741558
277.72338080351557
517.3385156772069
277.72338080351557
360.25474685462285
684.8847969643954
360.25474685462285
277.72338080351557
153.31155116052682
82.64190669590965
360.25474685462285
182.59277471741558
182.59277471741558
182.59277471741558
87.06094450500383
277.72338080351557
182.59277471741558
360.25474685462285
277.72338080351557
360.25474685462285
87.06094450500383
360.25474685462285
123.89013845872401
236.68880785122641
82.64190669590965
277.72338080351557
517.3385156772069
236.68880785122641
517.3385156772069
182.59277471741558
277.72338080351557
277.72338080351557
517.3385156772069
236.68880785122641
236.68880785122641
268.21087264795676
98.73517862709362
268.21087264795676
197.75049373428607
277.72338080351557
498.81620626768535
684.8847969643954
684.8847969643954
82.64190669590965
517.3385156772069
182.59277471741558
517.3385156772069
236.68880785122641
277.72338080351557
360.25474685462285
98.73517862709362
517.3385156772069
123.89013845872401
82.64190669590965
82.64190669590965
517.3385156772069
517.3385156772069
517.3385156772069
277.72338080351557
517.3385156772069
182.59277471741558
277.72338080351557
82.64190669590965
277.72338080351557
123.89013845872401
182.59277471741558
182.59277471741558
197.75049373428607
684.8847969643954
277.72338080351557
517.3385156772069
684.8847969643954
360.25474685462285
684.8847969643954
277.72338080351557
277.72338080351557
517.3385156772069
360.25474685462285
684.8847969643954
360.25474685462285
517.3385156772069
182.59277471741558
70.8950852463622
236.68880785122641
87.06094450500383
236.68880785122641
517.3385156772069
236.68880785122641
360.25474685462285
684.8847969643954
70.8950852463622
360.25474685462285
517.3385156772069
517.3385156772069
684.8847969643954
360.25474685462285
360.25474685462285
70.8950852463622
277.72338080351557
277.72338080351557
197.75049373428607
217.45291525790753
360.25474685462285
82.64190669590965
277.72338080351557
360.25474685462285
182.59277471741558
70.8950852463622
217.45291525790753
277.72338080351557
82.64190669590965
268.21087264795676
277.72338080351557
82.64190669590965
360.25474685462285
236.68880785122641
517.3385156772069
684.8847969643954
236.68880785122641
784.4964870464518
360.25474685462285
236.68880785122641
82.64190669590965
277.72338080351557
360.25474685462285
70.8950852463622
784.4964870464518
217.45291525790753
182.59277471741558
684.8847969643954
517.3385156772069
517.3385156772069
98.73517862709362
182.59277471741558
784.4964870464518
684.8847969643954
82.64190669590965
70.8950852463622
360.25474685462285
684.8847969643954
70.8950852463622
82.64190669590965
360.25474685462285
236.68880785122641
182.59277471741558
684.8847969643954
70.8950852463622
684.8847969643954
123.89013845872401
517.3385156772069
277.72338080351557
197.75049373428607
70.8950852463622
517.3385156772069
517.3385156772069
236.68880785122641
182.59277471741558
684.8847969643954
217.45291525790753
217.45291525790753
217.45291525790753
182.59277471741558
360.25474685462285
70.8950852463622
70.8950852463622
684.8847969643954
358.08205142431115
684.8847969643954
236.68880785122641
360.25474685462285
684.8847969643954
217.45291525790753
236.68880785122641
217.45291525790753
82.64190669590965
360.25474685462285
236.68880785122641
217.45291525790753
82.64190669590965
236.68880785122641
517.3385156772069
82.64190669590965
182.59277471741558
182.59277471741558
517.3385156772069
182.59277471741558
236.68880785122641
784.4964870464518
784.4964870464518
784.4964870464518
217.45291525790753
684.8847969643954
236.68880785122641
82.64190669590965
82.64190669590965
684.8847969643954
70.8950852463622
360.25474685462285
82.64190669590965
87.06094450500383
358.08205142431115
360.25474685462285
236.68880785122641
684.8847969643954
360.25474685462285
784.4964870464518
82.64190669590965
358.08205142431115
360.25474685462285
217.45291525790753
784.4964870464518
277.72338080351557
182.59277471741558
182.59277471741558
182.59277471741558
82.64190669590965
236.68880785122641
82.64190669590965
182.59277471741558
784.4964870464518
268.21087264795676
684.8847969643954
684.8847969643954
784.4964870464518
358.08205142431115
360.25474685462285
70.8950852463622
784.4964870464518
360.25474685462285
82.64190669590965
217.45291525790753
182.59277471741558
182.59277471741558
684.8847969643954
98.73517862709362
277.72338080351557
517.3385156772069
358.08205142431115
236.68880785122641
236.68880785122641
684.8847969643954
182.59277471741558
82.64190669590965
217.45291525790753
684.8847969643954
123.89013845872401
70.8950852463622
236.68880785122641
784.4964870464518
358.08205142431115
684.8847969643954
684.8847969643954
517.3385156772069
70.8950852463622
684.8847969643954
684.8847969643954
360.25474685462285
358.08205142431115
358.08205142431115
82.64190669590965
358.08205142431115
70.8950852463622
277.72338080351557
684.8847969643954
236.68880785122641
82.64190669590965
70.8950852463622
236.68880785122641
82.64190669590965
217.45291525790753
197.75049373428607
358.08205142431115
684.8847969643954
236.68880785122641
784.4964870464518
70.8950852463622
684.8847969643954
182.59277471741558
70.8950852463622
217.45291525790753
236.68880785122641
82.64190669590965
360.25474685462285
217.45291525790753
70.8950852463622
82.64190669590965
70.8950852463622
217.45291525790753
217.45291525790753
182.59277471741558
217.45291525790753
236.68880785122641
358.08205142431115
517.3385156772069
70.8950852463622
82.64190669590965
784.4964870464518
236.68880785122641
236.68880785122641
182.59277471741558
217.45291525790753
236.68880785122641
236.68880785122641
182.59277471741558
182.59277471741558
217.45291525790753
182.59277471741558
358.08205142431115
82.64190669590965
360.25474685462285
784.4964870464518
784.4964870464518
236.68880785122641
358.08205142431115
182.59277471741558
217.45291525790753
82.64190669590965
236.68880785122641
784.4964870464518
70.8950852463622
784.4964870464518
82.64190669590965
784.4964870464518
82.64190669590965
70.8950852463622
236.68880785122641
82.64190669590965
182.59277471741558
82.64190669590965
784.4964870464518
182.59277471741558
182.59277471741558
217.45291525790753
182.59277471741558
236.68880785122641
553.9625626103452
784.4964870464518
684.8847969643954
82.64190669590965
217.45291525790753
182.59277471741558
358.08205142431115
360.25474685462285
182.59277471741558
784.4964870464518
358.08205142431115
70.8950852463622
236.68880785122641
684.8847969643954
182.59277471741558
358.08205142431115
70.8950852463622
70.8950852463622
358.08205142431115
82.64190669590965
217.45291525790753
82.64190669590965
358.08205142431115
70.8950852463622
82.64190669590965
784.4964870464518
217.45291525790753
217.45291525790753
358.08205142431115
182.59277471741558
236.68880785122641
784.4964870464518
70.8950852463622
553.9625626103452
182.59277471741558
182.59277471741558
217.45291525790753
784.4964870464518
358.08205142431115
358.08205142431115
217.45291525790753
277.72338080351557
684.8847969643954
358.08205142431115
784.4964870464518
70.8950852463622
784.4964870464518
82.64190669590965
236.68880785122641
553.9625626103452
553.9625626103452
784.4964870464518
553.9625626103452
70.8950852463622
70.8950852463622
70.8950852463622
70.8950852463622
217.45291525790753
70.8950852463622
182.59277471741558
217.45291525790753
553.9625626103452
70.8950852463622
82.64190669590965
784.4964870464518
517.3385156772069
217.45291525790753
217.45291525790753
70.8950852463622
70.8950852463622
70.8950852463622
236.68880785122641
358.08205142431115
217.45291525790753
358.08205142431115
217.45291525790753
217.45291525790753
70.8950852463622
70.8950852463622
358.08205142431115
182.59277471741558
358.08205142431115
784.4964870464518
358.08205142431115
553.9625626103452
784.4964870464518
358.08205142431115
82.64190669590965
553.9625626103452
217.45291525790753
217.45291525790753
217.45291525790753
553.9625626103452
553.9625626103452
182.59277471741558
784.4964870464518
784.4964870464518
217.45291525790753
358.08205142431115
217.45291525790753
784.4964870464518
784.4964870464518
784.4964870464518
70.8950852463622
784.4964870464518
784.4964870464518
784.4964870464518
70.8950852463622
358.08205142431115
217.45291525790753
784.4964870464518
784.4964870464518
784.4964870464518
360.25474685462285
358.08205142431115
553.9625626103452
553.9625626103452
217.45291525790753
70.8950852463622
553.9625626103452
553.9625626103452
553.9625626103452
358.08205142431115
358.08205142431115
70.8950852463622
70.8950852463622
217.45291525790753
553.9625626103452
358.08205142431115
358.08205142431115
553.9625626103452
358.08205142431115
358.08205142431115
784.4964870464518
684.8847969643954
358.08205142431115
358.08205142431115
358.08205142431115
358.08205142431115
217.45291525790753
217.45291525790753
553.9625626103452
358.08205142431115
784.4964870464518
784.4964870464518
553.9625626103452
784.4964870464518
70.8950852463622
553.9625626103452
217.45291525790753
212.35052840804894
784.4964870464518
553.9625626103452
236.68880785122641
553.9625626103452
553.9625626103452
358.08205142431115
358.08205142431115
82.64190669590965
358.08205142431115
358.08205142431115
182.59277471741558
553.9625626103452
553.9625626103452
553.9625626103452
553.9625626103452
553.9625626103452
553.9625626103452
358.08205142431115
212.35052840804894
212.35052840804894
553.9625626103452
546.125477459282
553.9625626103452
212.35052840804894
212.35052840804894
553.9625626103452
553.9625626103452
553.9625626103452
212.35052840804894
553.9625626103452
70.8950852463622
553.9625626103452
212.35052840804894
212.35052840804894
212.35052840804894
50.92576537344117
217.45291525790753
212.35052840804894
553.9625626103452
553.9625626103452
553.9625626103452
553.9625626103452
553.9625626103452
212.35052840804894
784.4964870464518
553.9625626103452
212.35052840804894
212.35052840804894
212.35052840804894
212.35052840804894
212.35052840804894
553.9625626103452
212.35052840804894
546.125477459282
546.125477459282
546.125477459282
212.35052840804894
553.9625626103452
212.35052840804894
212.35052840804894
363.28228115984587
553.9625626103452
212.35052840804894
546.125477459282
546.125477459282
29.743751758934234
358.08205142431115
553.9625626103452
212.35052840804894
553.9625626103452
546.125477459282
546.125477459282
212.35052840804894
546.125477459282
212.35052840804894
546.125477459282
212.35052840804894
212.35052840804894
546.125477459282
50.92576537344117
50.92576537344117
212.35052840804894
546.125477459282
50.92576537344117
816.9860416513238
546.125477459282
212.35052840804894
546.125477459282
212.35052840804894
50.92576537344117
212.35052840804894
50.92576537344117
212.35052840804894
546.125477459282
212.35052840804894
50.92576537344117
212.35052840804894
546.125477459282
546.125477459282
212.35052840804894
212.35052840804894
212.35052840804894
50.92576537344117
50.92576537344117
546.125477459282
50.92576537344117
50.92576537344117
50.92576537344117
546.125477459282
50.92576537344117
212.35052840804894
50.92576537344117
546.125477459282
760.8932392779285
50.92576537344117
212.35052840804894
363.28228115984587
29.743751758934234
363.28228115984587
546.125477459282
546.125477459282
363.28228115984587
29.743751758934234
212.35052840804894
212.35052840804894
212.35052840804894
29.743751758934234
212.35052840804894
546.125477459282
363.28228115984587
546.125477459282
50.92576537344117
546.125477459282
546.125477459282
212.35052840804894
29.743751758934234
195.7260158001567
50.92576537344117
363.28228115984587
212.35052840804894
50.92576537344117
363.28228115984587
29.743751758934234
546.125477459282
546.125477459282
363.28228115984587
546.125477459282
363.28228115984587
816.9860416513238
546.125477459282
29.743751758934234
816.9860416513238
546.125477459282
50.92576537344117
29.743751758934234
50.92576537344117
363.28228115984587
29.743751758934234
553.9625626103452
212.35052840804894
29.743751758934234
50.92576537344117
546.125477459282
546.125477459282
816.9860416513238
816.9860416513238
50.92576537344117
546.125477459282
50.92576537344117
546.125477459282
363.28228115984587
50.92576537344117
363.28228115984587
29.743751758934234
50.92576537344117
546.125477459282
29.743751758934234
816.9860416513238
212.35052840804894
50.92576537344117
50.92576537344117
50.92576537344117
50.92576537344117
816.9860416513238
50.92576537344117
363.28228115984587
363.28228115984587
50.92576537344117
29.743751758934234
816.9860416513238
29.743751758934234
546.125477459282
363.28228115984587
363.28228115984587
816.9860416513238
29.743751758934234
50.92576537344117
363.28228115984587
29.743751758934234
546.125477459282
363.28228115984587
50.92576537344117
212.35052840804894
546.125477459282
816.9860416513238
50.92576537344117
50.92576537344117
760.8932392779285
29.743751758934234
816.9860416513238
546.125477459282
546.125477459282
546.125477459282
816.9860416513238
29.743751758934234
546.125477459282
50.92576537344117
363.28228115984587
816.9860416513238
546.125477459282
363.28228115984587
760.8932392779285
363.28228115984587
363.28228115984587
29.743751758934234
363.28228115984587
29.743751758934234
816.9860416513238
816.9860416513238
363.28228115984587
50.92576537344117
363.28228115984587
29.743751758934234
363.28228115984587
29.743751758934234
29.743751758934234
29.743751758934234
363.28228115984587
29.743751758934234
816.9860416513238
684.5188952799382
363.28228115984587
50.92576537344117
760.8932392779285
50.92576537344117
29.743751758934234
363.28228115984587
760.8932392779285
29.743751758934234
760.8932392779285
195.7260158001567
29.743751758934234
546.125477459282
816.9860416513238
29.743751758934234
50.92576537344117
760.8932392779285
50.92576537344117
816.9860416513238
363.28228115984587
50.92576537344117
50.92576537344117
816.9860416513238
816.9860416513238
363.28228115984587
816.9860416513238
816.9860416513238
195.7260158001567
363.28228115984587
29.743751758934234
760.8932392779285
816.9860416513238
546.125477459282
363.28228115984587
195.7260158001567
816.9860416513238
760.8932392779285
760.8932392779285
29.743751758934234
363.28228115984587
816.9860416513238
816.9860416513238
77.1413725116616
816.9860416513238
760.8932392779285
363.28228115984587
29.743751758934234
760.8932392779285
363.28228115984587
29.743751758934234
50.92576537344117
29.743751758934234
195.7260158001567
29.743751758934234
195.7260158001567
760.8932392779285
29.743751758934234
816.9860416513238
816.9860416513238
50.92576537344117
195.7260158001567
363.28228115984587
546.125477459282
29.743751758934234
760.8932392779285
816.9860416513238
363.28228115984587
29.743751758934234
760.8932392779285
816.9860416513238
760.8932392779285
816.9860416513238
363.28228115984587
29.743751758934234
816.9860416513238
195.7260158001567
760.8932392779285
816.9860416513238
760.8932392779285
50.92576537344117
195.7260158001567
363.28228115984587
29.743751758934234
212.35052840804894
195.7260158001567
363.28228115984587
760.8932392779285
760.8932392779285
50.92576537344117
195.7260158001567
195.7260158001567
363.28228115984587
363.28228115984587
29.743751758934234
760.8932392779285
816.9860416513238
816.9860416513238
816.9860416513238
29.743751758934234
29.743751758934234
195.7260158001567
816.9860416513238
363.28228115984587
816.9860416513238
684.5188952799382
29.743751758934234
760.8932392779285
760.8932392779285
195.7260158001567
684.5188952799382
760.8932392779285
195.7260158001567
760.8932392779285
760.8932392779285
195.7260158001567
195.7260158001567
760.8932392779285
363.28228115984587
816.9860416513238
29.743751758934234
195.7260158001567
684.5188952799382
760.8932392779285
816.9860416513238
760.8932392779285
195.7260158001567
760.8932392779285
760.8932392779285
816.9860416513238
684.5188952799382
363.28228115984587
816.9860416513238
195.7260158001567
684.5188952799382
195.7260158001567
760.8932392779285
77.1413725116616
195.7260158001567
377.8525312293477
29.743751758934234
760.8932392779285
760.8932392779285
195.7260158001567
195.7260158001567
684.5188952799382
816.9860416513238
77.1413725116616
760.8932392779285
363.28228115984587
195.7260158001567
546.125477459282
195.7260158001567
77.1413725116616
195.7260158001567
61.52422046077133
195.7260158001567
684.5188952799382
29.743751758934234
195.7260158001567
816.9860416513238
760.8932392779285
760.8932392779285
195.7260158001567
760.8932392779285
760.8932392779285
760.8932392779285
195.7260158001567
77.1413725116616
77.1413725116616
684.5188952799382
760.8932392779285
195.7260158001567
684.5188952799382
816.9860416513238
243.82950974091273
684.5188952799382
195.7260158001567
684.5188952799382
195.7260158001567
50.92576537344117
195.7260158001567
816.9860416513238
684.5188952799382
77.1413725116616
760.8932392779285
77.1413725116616
684.5188952799382
77.1413725116616
760.8932392779285
684.5188952799382
195.7260158001567
708.2925772943073
684.5188952799382
195.7260158001567
684.5188952799382
195.7260158001567
760.8932392779285
760.8932392779285
195.7260158001567
684.5188952799382
195.7260158001567
77.1413725116616
684.5188952799382
77.1413725116616
195.7260158001567
756.1476918413713
684.5188952799382
363.28228115984587
684.5188952799382
77.1413725116616
195.7260158001567
684.5188952799382
760.8932392779285
684.5188952799382
684.5188952799382
195.7260158001567
77.1413725116616
77.1413725116616
195.7260158001567
684.5188952799382
77.1413725116616
77.1413725116616
684.5188952799382
377.8525312293477
29.743751758934234
684.5188952799382
195.7260158001567
377.8525312293477
684.5188952799382
77.1413725116616
377.8525312293477
77.1413725116616
684.5188952799382
77.1413725116616
760.8932392779285
77.1413725116616
684.5188952799382
61.52422046077133
377.8525312293477
195.7260158001567
684.5188952799382
77.1413725116616
77.1413725116616
253.7495921880263
61.52422046077133
243.82950974091273
61.52422046077133
684.5188952799382
684.5188952799382
816.9860416513238
77.1413725116616
684.5188952799382
684.5188952799382
684.5188952799382
77.1413725116616
243.82950974091273
684.5188952799382
77.1413725116616
377.8525312293477
61.52422046077133
243.82950974091273
77.1413725116616
77.1413725116616
77.1413725116616
77.1413725116616
684.5188952799382
377.8525312293477
243.82950974091273
77.1413725116616
77.1413725116616
684.5188952799382
195.7260158001567
77.1413725116616
684.5188952799382
653.2544996285998
77.1413725116616
684.5188952799382
708.2925772943073
377.8525312293477
77.1413725116616
377.8525312293477
684.5188952799382
708.2925772943073
377.8525312293477
61.52422046077133
61.52422046077133
760.8932392779285
377.8525312293477
377.8525312293477
684.5188952799382
77.1413725116616
243.82950974091273
243.82950974091273
756.1476918413713
684.5188952799382
708.2925772943073
61.52422046077133
77.1413725116616
77.1413725116616
377.8525312293477
756.1476918413713
61.52422046077133
77.1413725116616
61.52422046077133
61.52422046077133
756.1476918413713
377.8525312293477
77.1413725116616
61.52422046077133
684.5188952799382
377.8525312293477
77.1413725116616
243.82950974091273
377.8525312293477
243.82950974091273
708.2925772943073
243.82950974091273
77.1413725116616
684.5188952799382
243.82950974091273
77.1413725116616
61.52422046077133
378.35845962058187
377.8525312293477
377.8525312293477
61.52422046077133
243.82950974091273
377.8525312293477
756.1476918413713
243.82950974091273
77.1413725116616
253.7495921880263
377.8525312293477
77.1413725116616
243.82950974091273
61.52422046077133
377.8525312293477
61.52422046077133
61.52422046077133
708.2925772943073
377.8525312293477
708.2925772943073
253.7495921880263
61.52422046077133
61.52422046077133
77.1413725116616
377.8525312293477
243.82950974091273
253.7495921880263
77.1413725116616
708.2925772943073
195.7260158001567
708.2925772943073
243.82950974091273
756.1476918413713
243.82950974091273
377.8525312293477
684.5188952799382
243.82950974091273
243.82950974091273
709.5187492510079
377.8525312293477
756.1476918413713
61.52422046077133
377.8525312293477
756.1476918413713
61.52422046077133
61.52422046077133
243.82950974091273
61.52422046077133
708.2925772943073
61.52422046077133
243.82950974091273
243.82950974091273
708.2925772943073
466.0335349387847
377.8525312293477
708.2925772943073
377.8525312293477
377.8525312293477
756.1476918413713
61.52422046077133
377.8525312293477
377.8525312293477
377.8525312293477
708.2925772943073
243.82950974091273
708.2925772943073
243.82950974091273
377.8525312293477
61.52422046077133
653.2544996285998
61.52422046077133
253.7495921880263
756.1476918413713
708.2925772943073
77.1413725116616
756.1476918413713
377.8525312293477
756.1476918413713
243.82950974091273
61.52422046077133
377.8525312293477
653.2544996285998
61.52422046077133
708.2925772943073
243.82950974091273
756.1476918413713
377.8525312293477
253.7495921880263
243.82950974091273
243.82950974091273
708.2925772943073
653.2544996285998
377.8525312293477
243.82950974091273
61.52422046077133
377.8525312293477
243.82950974091273
377.8525312293477
756.1476918413713
61.52422046077133
61.52422046077133
253.7495921880263
61.52422046077133
756.1476918413713
756.1476918413713
61.52422046077133
756.1476918413713
61.52422046077133
708.2925772943073
61.52422046077133
61.52422046077133
243.82950974091273
756.1476918413713
243.82950974091273
708.2925772943073
243.82950974091273
253.7495921880263
61.52422046077133
243.82950974091273
708.2925772943073
243.82950974091273
681.1711550681011
708.2925772943073
243.82950974091273
253.7495921880263
243.82950974091273
708.2925772943073
756.1476918413713
377.8525312293477
61.52422046077133
378.35845962058187
684.5188952799382
708.2925772943073
378.35845962058187
653.2544996285998
253.7495921880263
377.8525312293477
756.1476918413713
653.2544996285998
756.1476918413713
708.2925772943073
774.107132415427
243.82950974091273
708.2925772943073
253.7495921880263
377.8525312293477
377.8525312293477
253.7495921880263
377.8525312293477
756.1476918413713
708.2925772943073
253.7495921880263
61.52422046077133
756.1476918413713
377.8525312293477
708.2925772943073
378.35845962058187
253.7495921880263
653.2544996285998
708.2925772943073
253.7495921880263
377.8525312293477
253.7495921880263
253.7495921880263
756.1476918413713
653.2544996285998
708.2925772943073
243.82950974091273
243.82950974091273
709.5187492510079
253.7495921880263
756.1476918413713
708.2925772943073
845.1362528007007
61.52422046077133
756.1476918413713
756.1476918413713
708.2925772943073
61.52422046077133
378.35845962058187
708.2925772943073
61.52422046077133
708.2925772943073
466.0335349387847
756.1476918413713
378.35845962058187
708.2925772943073
756.1476918413713
756.1476918413713
709.5187492510079
653.2544996285998
708.2925772943073
708.2925772943073