P:26 ku:0.3 kw:0.6 ka:0.0 kd:0.0 N:10000 F:1137 KMC:1000 
484.2146357786966
484.2146357786966
484.2146357786966
484.2146357786966
484.2146357786966
484.2146357786966
484.2146357786966
484.2146357786966
484.2146357786966
484.2146357786966
484.2146357786966
484.2146357786966
484.2146357786966
484.2146357786966
484.2146357786966
484.2146357786966
484.2146357786966
484.2146357786966
484.2146357786966
484.2146357786966
484.2146357786966
484.2146357786966
484.2146357786966
484.2146357786966
484.2146357786966
484.2146357786966
484.2146357786966
484.2146357786966
484.2146357786966
484.2146357786966
484.2146357786966
484.2146357786966
484.2146357786966
484.2146357786966
484.2146357786966
484.2146357786966
484.2146357786966
484.2146357786966
484.2146357786966
484.2146357786966
484.2146357786966
484.2146357786966
484.2146357786966
484.2146357786966
484.2146357786966
484.2146357786966
484.2146357786966
484.2146357786966
557.3667487098139
254.50891124464133
557.3667487098139
557.3667487098139
254.50891124464133
254.50891124464133
557.3667487098139
557.3667487098139
557.3667487098139
395.34973687249754
557.3667487098139
557.3667487098139
557.3667487098139
254.50891124464133
254.50891124464133
557.3667487098139
254.50891124464133
557.3667487098139
557.3667487098139
557.3667487098139
254.50891124464133
254.50891124464133
557.3667487098139
557.3667487098139
557.3667487098139
254.50891124464133
557.3667487098139
395.34973687249754
557.3667487098139
254.50891124464133
557.3667487098139
395.34973687249754
395.34973687249754
254.50891124464133
254.50891124464133
557.3667487098139
254.50891124464133
557.3667487098139
395.34973687249754
557.3667487098139
254.50891124464133
254.50891124464133
254.50891124464133
254.50891124464133
557.3667487098139
557.3667487098139
254.50891124464133
557.3667487098139
557.3667487098139
254.50891124464133
557.3667487098139
254.50891124464133
557.3667487098139
557.3667487098139
254.50891124464133
395.34973687249754
254.50891124464133
395.34973687249754
254.50891124464133
557.3667487098139
254.50891124464133
254.50891124464133
557.3667487098139
557.3667487098139
395.34973687249754
254.50891124464133
395.34973687249754
395.34973687249754
395.34973687249754
254.50891124464133
557.3667487098139
557.3667487098139
254.50891124464133
395.34973687249754
557.3667487098139
254.50891124464133
557.3667487098139
557.3667487098139
254.50891124464133
254.50891124464133
395.34973687249754
557.3667487098139
557.3667487098139
395.34973687249754
395.34973687249754
557.3667487098139
395.34973687249754
395.34973687249754
395.34973687249754
395.34973687249754
254.50891124464133
254.50891124464133
557.3667487098139
254.50891124464133
254.50891124464133
557.3667487098139
254.50891124464133
254.50891124464133
254.50891124464133
395.34973687249754
557.3667487098139
254.50891124464133
254.50891124464133
557.3667487098139
254.50891124464133
395.34973687249754
395.34973687249754
395.34973687249754
395.34973687249754
395.34973687249754
395.34973687249754
557.3667487098139
395.34973687249754
395.34973687249754
395.34973687249754
254.50891124464133
395.34973687249754
395.34973687249754
395.34973687249754
254.50891124464133
395.34973687249754
557.3667487098139
395.34973687249754
395.34973687249754
395.34973687249754
254.50891124464133
557.3667487098139
395.34973687249754
395.34973687249754
254.50891124464133
395.34973687249754
557.3667487098139
395.34973687249754
395.34973687249754
254.50891124464133
254.50891124464133
254.50891124464133
395.34973687249754
395.34973687249754
395.34973687249754
395.34973687249754
395.34973687249754
395.34973687249754
395.34973687249754
241.40240926164964
241.40240926164964
241.40240926164964
241.40240926164964
241.40240926164964
241.40240926164964
241.40240926164964
241.40240926164964
241.40240926164964
241.40240926164964
241.40240926164964
241.40240926164964
241.40240926164964
104.63845503147569
241.40240926164964
241.40240926164964
241.40240926164964
241.40240926164964
241.40240926164964
241.40240926164964
241.40240926164964
241.40240926164964
241.40240926164964
241.40240926164964
241.40240926164964
241.40240926164964
241.40240926164964
241.40240926164964
241.40240926164964
241.40240926164964
104.63845503147569
104.63845503147569
241.40240926164964
241.40240926164964
241.40240926164964
241.40240926164964
241.40240926164964
241.40240926164964
104.63845503147569
241.40240926164964
241.40240926164964
241.40240926164964
104.63845503147569
104.63845503147569
104.63845503147569
104.63845503147569
241.40240926164964
241.40240926164964
241.40240926164964
104.63845503147569
241.40240926164964
104.63845503147569
241.40240926164964
104.63845503147569
104.63845503147569
104.63845503147569
241.40240926164964
104.63845503147569
104.63845503147569
104.63845503147569
104.63845503147569
104.63845503147569
241.40240926164964
104.63845503147569
241.40240926164964
241.40240926164964
104.63845503147569
241.40240926164964
104.63845503147569
104.63845503147569
104.63845503147569
104.63845503147569
104.63845503147569
104.63845503147569
104.63845503147569
104.63845503147569
104.63845503147569
104.63845503147569
104.63845503147569
104.63845503147569
104.63845503147569
104.63845503147569
104.63845503147569
104.63845503147569
104.63845503147569
104.63845503147569
104.63845503147569
104.63845503147569
104.63845503147569
104.63845503147569
104.63845503147569
104.63845503147569
104.63845503147569
104.63845503147569
104.63845503147569
91.07090055685225
91.07090055685225
91.07090055685225
104.63845503147569
91.07090055685225
91.07090055685225
91.07090055685225
91.07090055685225
91.07090055685225
91.07090055685225
91.07090055685225
91.07090055685225
91.07090055685225
91.07090055685225
91.07090055685225
91.07090055685225
91.07090055685225
91.07090055685225
91.07090055685225
91.07090055685225
91.07090055685225
91.07090055685225
91.07090055685225
91.07090055685225
91.07090055685225
91.07090055685225
91.07090055685225
91.07090055685225
211.73530799066307
211.73530799066307
91.07090055685225
91.07090055685225
91.07090055685225
91.07090055685225
91.07090055685225
211.73530799066307
91.07090055685225
91.07090055685225
91.07090055685225
211.73530799066307
211.73530799066307
91.07090055685225
211.73530799066307
91.07090055685225
91.07090055685225
91.07090055685225
91.07090055685225
91.07090055685225
91.07090055685225
211.73530799066307
91.07090055685225
91.07090055685225
211.73530799066307
211.73530799066307
211.73530799066307
211.73530799066307
91.07090055685225
211.73530799066307
211.73530799066307
211.73530799066307
211.73530799066307
91.07090055685225
211.73530799066307
211.73530799066307
211.73530799066307
91.07090055685225
211.73530799066307
211.73530799066307
211.73530799066307
91.07090055685225
211.73530799066307
211.73530799066307
211.73530799066307
211.73530799066307
211.73530799066307
211.73530799066307
211.73530799066307
211.73530799066307
211.73530799066307
211.73530799066307
211.73530799066307
211.73530799066307
211.73530799066307
211.73530799066307
211.73530799066307
211.73530799066307
211.73530799066307
211.73530799066307
211.73530799066307
211.73530799066307
211.73530799066307
211.73530799066307
211.73530799066307
211.73530799066307
211.73530799066307
243.84030579457084
211.73530799066307
211.73530799066307
243.84030579457084
243.84030579457084
243.84030579457084
243.84030579457084
243.84030579457084
243.84030579457084
243.84030579457084
243.84030579457084
243.84030579457084
243.84030579457084
243.84030579457084
243.84030579457084
243.84030579457084
243.84030579457084
243.84030579457084
243.84030579457084
243.84030579457084
243.84030579457084
243.84030579457084
243.84030579457084
243.84030579457084
243.84030579457084
243.84030579457084
243.84030579457084
243.84030579457084
243.84030579457084
243.84030579457084
243.84030579457084
243.84030579457084
243.84030579457084
243.84030579457084
243.84030579457084
243.84030579457084
243.84030579457084
243.84030579457084
243.84030579457084
243.84030579457084
243.84030579457084
243.84030579457084
243.84030579457084
243.84030579457084
243.84030579457084
243.84030579457084
243.84030579457084
243.84030579457084
243.84030579457084
243.84030579457084
288.3587393884034
288.3587393884034
841.4163794336027
288.3587393884034
288.3587393884034
841.4163794336027
841.4163794336027
288.3587393884034
288.3587393884034
288.3587393884034
841.4163794336027
288.3587393884034
288.3587393884034
841.4163794336027
841.4163794336027
841.4163794336027
841.4163794336027
288.3587393884034
288.3587393884034
841.4163794336027
841.4163794336027
288.3587393884034
288.3587393884034
841.4163794336027
288.3587393884034
841.4163794336027
841.4163794336027
288.3587393884034
841.4163794336027
841.4163794336027
288.3587393884034
288.3587393884034
288.3587393884034
288.3587393884034
288.3587393884034
841.4163794336027
841.4163794336027
841.4163794336027
841.4163794336027
288.3587393884034
288.3587393884034
288.3587393884034
288.3587393884034
288.3587393884034
288.3587393884034
288.3587393884034
841.4163794336027
841.4163794336027
288.3587393884034
841.4163794336027
841.4163794336027
288.3587393884034
841.4163794336027
841.4163794336027
841.4163794336027
841.4163794336027
841.4163794336027
288.3587393884034
288.3587393884034
288.3587393884034
288.3587393884034
841.4163794336027
288.3587393884034
288.3587393884034
288.3587393884034
841.4163794336027
841.4163794336027
841.4163794336027
841.4163794336027
288.3587393884034
288.3587393884034
288.3587393884034
288.3587393884034
841.4163794336027
841.4163794336027
841.4163794336027
504.1095166787824
504.1095166787824
841.4163794336027
841.4163794336027
288.3587393884034
841.4163794336027
288.3587393884034
841.4163794336027
841.4163794336027
841.4163794336027
288.3587393884034
504.1095166787824
504.1095166787824
288.3587393884034
372.71040734116036
841.4163794336027
372.71040734116036
288.3587393884034
504.1095166787824
288.3587393884034
504.1095166787824
504.1095166787824
504.1095166787824
288.3587393884034
841.4163794336027
372.71040734116036
504.1095166787824
504.1095166787824
841.4163794336027
372.71040734116036
841.4163794336027
288.3587393884034
372.71040734116036
366.1439973430935
841.4163794336027
504.1095166787824
841.4163794336027
366.1439973430935
366.1439973430935
372.71040734116036
372.71040734116036
372.71040734116036
366.1439973430935
504.1095166787824
366.1439973430935
372.71040734116036
372.71040734116036
372.71040734116036
504.1095166787824
366.1439973430935
366.1439973430935
366.1439973430935
504.1095166787824
504.1095166787824
504.1095166787824
504.1095166787824
372.71040734116036
366.1439973430935
504.1095166787824
504.1095166787824
366.1439973430935
366.1439973430935
504.1095166787824
504.1095166787824
372.71040734116036
504.1095166787824
372.71040734116036
372.71040734116036
504.1095166787824
372.71040734116036
366.1439973430935
504.1095166787824
504.1095166787824
504.1095166787824
372.71040734116036
372.71040734116036
504.1095166787824
504.1095166787824
372.71040734116036
504.1095166787824
372.71040734116036
372.71040734116036
366.1439973430935
372.71040734116036
504.1095166787824
366.1439973430935
504.1095166787824
372.71040734116036
372.71040734116036
366.1439973430935
372.71040734116036
372.71040734116036
372.71040734116036
372.71040734116036
504.1095166787824
366.1439973430935
504.1095166787824
504.1095166787824
504.1095166787824
372.71040734116036
504.1095166787824
366.1439973430935
366.1439973430935
504.1095166787824
372.71040734116036
366.1439973430935
504.1095166787824
372.71040734116036
366.1439973430935
366.1439973430935
366.1439973430935
366.1439973430935
504.1095166787824
372.71040734116036
504.1095166787824
504.1095166787824
372.71040734116036
366.1439973430935
504.1095166787824
504.1095166787824
366.1439973430935
504.1095166787824
372.71040734116036
372.71040734116036
372.71040734116036
372.71040734116036
366.1439973430935
366.1439973430935
366.1439973430935
366.1439973430935
372.71040734116036
372.71040734116036
366.1439973430935
366.1439973430935
366.1439973430935
372.71040734116036
366.1439973430935
504.1095166787824
366.1439973430935
372.71040734116036
372.71040734116036
366.1439973430935
366.1439973430935
372.71040734116036
366.1439973430935
366.1439973430935
366.1439973430935
504.1095166787824
372.71040734116036
366.1439973430935
504.1095166787824
504.1095166787824
366.1439973430935
366.1439973430935
366.1439973430935
366.1439973430935
372.71040734116036
372.71040734116036
372.71040734116036
372.71040734116036
432.32675930998494
432.32675930998494
366.1439973430935
432.32675930998494
366.1439973430935
366.1439973430935
432.32675930998494
366.1439973430935
432.32675930998494
432.32675930998494
432.32675930998494
432.32675930998494
432.32675930998494
432.32675930998494
432.32675930998494
432.32675930998494
432.32675930998494
432.32675930998494
432.32675930998494
432.32675930998494
432.32675930998494
432.32675930998494
432.32675930998494
432.32675930998494
432.32675930998494
432.32675930998494
432.32675930998494
432.32675930998494
432.32675930998494
432.32675930998494
432.32675930998494
432.32675930998494
432.32675930998494
432.32675930998494
432.32675930998494
432.32675930998494
432.32675930998494
432.32675930998494
432.32675930998494
432.32675930998494
432.32675930998494
432.32675930998494
432.32675930998494
432.32675930998494
432.32675930998494
432.32675930998494
432.32675930998494
432.32675930998494
678.3840844170436
432.32675930998494
678.3840844170436
678.3840844170436
432.32675930998494
432.32675930998494
678.3840844170436
432.32675930998494
678.3840844170436
678.3840844170436
678.3840844170436
678.3840844170436
678.3840844170436
678.3840844170436
491.05365549148655
678.3840844170436
678.3840844170436
678.3840844170436
491.05365549148655
491.05365549148655
678.3840844170436
678.3840844170436
491.05365549148655
678.3840844170436
678.3840844170436
316.306956030358
678.3840844170436
678.3840844170436
491.05365549148655
678.3840844170436
316.306956030358
491.05365549148655
491.05365549148655
491.05365549148655
678.3840844170436
678.3840844170436
491.05365549148655
316.306956030358
316.306956030358
678.3840844170436
491.05365549148655
678.3840844170436
678.3840844170436
678.3840844170436
678.3840844170436
678.3840844170436
678.3840844170436
316.306956030358
316.306956030358
491.05365549148655
316.306956030358
678.3840844170436
678.3840844170436
491.05365549148655
678.3840844170436
491.05365549148655
491.05365549148655
491.05365549148655
491.05365549148655
678.3840844170436
678.3840844170436
491.05365549148655
316.306956030358
316.306956030358
491.05365549148655
678.3840844170436
316.306956030358
678.3840844170436
678.3840844170436
678.3840844170436
491.05365549148655
678.3840844170436
678.3840844170436
491.05365549148655
678.3840844170436
491.05365549148655
678.3840844170436
316.306956030358
316.306956030358
678.3840844170436
316.306956030358
316.306956030358
491.05365549148655
316.306956030358
491.05365549148655
316.306956030358
491.05365549148655
316.306956030358
491.05365549148655
491.05365549148655
491.05365549148655
316.306956030358
491.05365549148655
491.05365549148655
678.3840844170436
491.05365549148655
316.306956030358
491.05365549148655
316.306956030358
491.05365549148655
491.05365549148655
678.3840844170436
491.05365549148655
316.306956030358
217.22630301172626
491.05365549148655
217.22630301172626
678.3840844170436
316.306956030358
316.306956030358
316.306956030358
491.05365549148655
491.05365549148655
316.306956030358
491.05365549148655
316.306956030358
316.306956030358
217.22630301172626
217.22630301172626
491.05365549148655
491.05365549148655
316.306956030358
491.05365549148655
491.05365549148655
678.3840844170436
491.05365549148655
316.306956030358
316.306956030358
316.306956030358
316.306956030358
217.22630301172626
316.306956030358
316.306956030358
316.306956030358
316.306956030358
316.306956030358
217.22630301172626
217.22630301172626
217.22630301172626
316.306956030358
316.306956030358
316.306956030358
316.306956030358
316.306956030358
217.22630301172626
678.3840844170436
217.22630301172626
217.22630301172626
491.05365549148655
491.05365549148655
217.22630301172626
217.22630301172626
316.306956030358
217.22630301172626
491.05365549148655
217.22630301172626
217.22630301172626
316.306956030358
491.05365549148655
217.22630301172626
217.22630301172626
217.22630301172626
217.22630301172626
316.306956030358
217.22630301172626
316.306956030358
217.22630301172626
217.22630301172626
217.22630301172626
217.22630301172626
217.22630301172626
217.22630301172626
491.05365549148655
217.22630301172626
316.306956030358
217.22630301172626
217.22630301172626
217.22630301172626
217.22630301172626
217.22630301172626
217.22630301172626
217.22630301172626
316.306956030358
217.22630301172626
217.22630301172626
217.22630301172626
217.22630301172626
217.22630301172626
217.22630301172626
217.22630301172626
217.22630301172626
564.4366553453357
564.4366553453357
564.4366553453357
217.22630301172626
564.4366553453357
564.4366553453357
217.22630301172626
564.4366553453357
564.4366553453357
564.4366553453357
217.22630301172626
564.4366553453357
217.22630301172626
564.4366553453357
564.4366553453357
217.22630301172626
564.4366553453357
564.4366553453357
564.4366553453357
564.4366553453357
564.4366553453357
564.4366553453357
564.4366553453357
564.4366553453357
564.4366553453357
564.4366553453357
564.4366553453357
564.4366553453357
564.4366553453357
564.4366553453357
564.4366553453357
564.4366553453357
564.4366553453357
564.4366553453357
196.73856896786927
196.73856896786927
564.4366553453357
564.4366553453357
564.4366553453357
196.73856896786927
196.73856896786927
196.73856896786927
564.4366553453357
564.4366553453357
564.4366553453357
564.4366553453357
564.4366553453357
196.73856896786927
196.73856896786927
564.4366553453357
564.4366553453357
564.4366553453357
196.73856896786927
564.4366553453357
196.73856896786927
564.4366553453357
196.73856896786927
196.73856896786927
196.73856896786927
564.4366553453357
196.73856896786927
196.73856896786927
196.73856896786927
196.73856896786927
253.2551981004199
564.4366553453357
196.73856896786927
253.2551981004199
196.73856896786927
196.73856896786927
196.73856896786927
564.4366553453357
196.73856896786927
319.992423882162
564.4366553453357
253.2551981004199
196.73856896786927
319.992423882162
196.73856896786927
253.2551981004199
319.992423882162
196.73856896786927
319.992423882162
253.2551981004199
196.73856896786927
319.992423882162
253.2551981004199
196.73856896786927
196.73856896786927
196.73856896786927
564.4366553453357
196.73856896786927
319.992423882162
253.2551981004199
196.73856896786927
196.73856896786927
319.992423882162
253.2551981004199
196.73856896786927
196.73856896786927
196.73856896786927
196.73856896786927
253.2551981004199
253.2551981004199
319.992423882162
319.992423882162
319.992423882162
196.73856896786927
564.4366553453357
253.2551981004199
196.73856896786927
319.992423882162
253.2551981004199
196.73856896786927
196.73856896786927
253.2551981004199
319.992423882162
196.73856896786927
196.73856896786927
319.992423882162
253.2551981004199
196.73856896786927
319.992423882162
253.2551981004199
253.2551981004199
253.2551981004199
253.2551981004199
253.2551981004199
253.2551981004199
319.992423882162
319.992423882162
196.73856896786927
319.992423882162
319.992423882162
319.992423882162
253.2551981004199
253.2551981004199
253.2551981004199
319.992423882162
253.2551981004199
319.992423882162
253.2551981004199
319.992423882162
319.992423882162
253.2551981004199
253.2551981004199
253.2551981004199
319.992423882162
253.2551981004199
319.992423882162
319.992423882162
253.2551981004199
319.992423882162
253.2551981004199
253.2551981004199
319.992423882162
319.992423882162
253.2551981004199
319.992423882162
319.992423882162
319.992423882162
196.73856896786927
196.73856896786927
319.992423882162
196.73856896786927
253.2551981004199
319.992423882162
253.2551981004199
319.992423882162
253.2551981004199
196.73856896786927
253.2551981004199
253.2551981004199
253.2551981004199
253.2551981004199
319.992423882162
253.2551981004199
319.992423882162
253.2551981004199
319.992423882162
196.73856896786927
319.992423882162
319.992423882162
319.992423882162
253.2551981004199
319.992423882162
319.992423882162
253.2551981004199
319.992423882162
253.2551981004199
319.992423882162
253.2551981004199
253.2551981004199
319.992423882162
319.992423882162
602.5107755057852
602.5107755057852
602.5107755057852
602.5107755057852
253.2551981004199
602.5107755057852
602.5107755057852
602.5107755057852
602.5107755057852
319.992423882162
602.5107755057852
602.5107755057852
602.5107755057852
602.5107755057852
602.5107755057852
602.5107755057852
602.5107755057852
602.5107755057852
602.5107755057852
602.5107755057852
602.5107755057852
602.5107755057852
602.5107755057852
602.5107755057852
602.5107755057852
602.5107755057852
602.5107755057852
602.5107755057852
602.5107755057852
602.5107755057852
602.5107755057852
602.5107755057852
602.5107755057852
602.5107755057852
602.5107755057852