P:27 ku:0.3 kw:0.7 ka:0.0 kd:0.0 N:10000 F:237 KMC:1000 
298.5435875618955
298.5435875618955
298.5435875618955
298.5435875618955
298.5435875618955
298.5435875618955
298.5435875618955
298.5435875618955
298.5435875618955
298.5435875618955
298.5435875618955
298.5435875618955
298.5435875618955
298.5435875618955
298.5435875618955
298.5435875618955
298.5435875618955
298.5435875618955
298.5435875618955
298.5435875618955
298.5435875618955
298.5435875618955
298.5435875618955
298.5435875618955
298.5435875618955
298.5435875618955
298.5435875618955
298.5435875618955
298.5435875618955
298.5435875618955
298.5435875618955
298.5435875618955
298.5435875618955
298.5435875618955
298.5435875618955
298.5435875618955
298.5435875618955
298.5435875618955
298.5435875618955
298.5435875618955
298.5435875618955
298.5435875618955
298.5435875618955
298.5435875618955
298.5435875618955
298.5435875618955
298.5435875618955
298.5435875618955
572.7518527107388
572.7518527107388
572.7518527107388
572.7518527107388
572.7518527107388
572.7518527107388
572.7518527107388
572.7518527107388
572.7518527107388
572.7518527107388
572.7518527107388
572.7518527107388
572.7518527107388
572.7518527107388
572.7518527107388
572.7518527107388
572.7518527107388
572.7518527107388
572.7518527107388
572.7518527107388
572.7518527107388
572.7518527107388
572.7518527107388
572.7518527107388
572.7518527107388
572.7518527107388
572.7518527107388
572.7518527107388
572.7518527107388
572.7518527107388
572.7518527107388
572.7518527107388
572.7518527107388
572.7518527107388
572.7518527107388
572.7518527107388
572.7518527107388
572.7518527107388
572.7518527107388
572.7518527107388
572.7518527107388
572.7518527107388
572.7518527107388
572.7518527107388
479.7106071447121
572.7518527107388
572.7518527107388
479.7106071447121
479.7106071447121
572.7518527107388
572.7518527107388
479.7106071447121
479.7106071447121
479.7106071447121
479.7106071447121
479.7106071447121
479.7106071447121
479.7106071447121
479.7106071447121
479.7106071447121
479.7106071447121
479.7106071447121
479.7106071447121
479.7106071447121
479.7106071447121
479.7106071447121
479.7106071447121
479.7106071447121
479.7106071447121
479.7106071447121
479.7106071447121
479.7106071447121
194.65108923587908
479.7106071447121
479.7106071447121
479.7106071447121
479.7106071447121
479.7106071447121
479.7106071447121
479.7106071447121
479.7106071447121
194.65108923587908
479.7106071447121
479.7106071447121
479.7106071447121
479.7106071447121
479.7106071447121
194.65108923587908
479.7106071447121
479.7106071447121
479.7106071447121
479.7106071447121
479.7106071447121
479.7106071447121
194.65108923587908
194.65108923587908
194.65108923587908
194.65108923587908
194.65108923587908
479.7106071447121
479.7106071447121
194.65108923587908
194.65108923587908
194.65108923587908
194.65108923587908
194.65108923587908
479.7106071447121
479.7106071447121
194.65108923587908
194.65108923587908
194.65108923587908
194.65108923587908
194.65108923587908
194.65108923587908
194.65108923587908
194.65108923587908
479.7106071447121
194.65108923587908
194.65108923587908
194.65108923587908
194.65108923587908
194.65108923587908
194.65108923587908
194.65108923587908
194.65108923587908
194.65108923587908
194.65108923587908
194.65108923587908
194.65108923587908
194.65108923587908
194.65108923587908
194.65108923587908
194.65108923587908
194.65108923587908
194.65108923587908
194.65108923587908
194.65108923587908
194.65108923587908
194.65108923587908
194.65108923587908
194.65108923587908
194.65108923587908
194.65108923587908
194.65108923587908
345.2091511889885
345.2091511889885
345.2091511889885
345.2091511889885
345.2091511889885
345.2091511889885
345.2091511889885
345.2091511889885
345.2091511889885
345.2091511889885
345.2091511889885
345.2091511889885
345.2091511889885
345.2091511889885
345.2091511889885
345.2091511889885
345.2091511889885
345.2091511889885
345.2091511889885
345.2091511889885
345.2091511889885
345.2091511889885
345.2091511889885
345.2091511889885
345.2091511889885
345.2091511889885
345.2091511889885
345.2091511889885
345.2091511889885
345.2091511889885
345.2091511889885
345.2091511889885
345.2091511889885
345.2091511889885
345.2091511889885
345.2091511889885
345.2091511889885
345.2091511889885
345.2091511889885
345.2091511889885
345.2091511889885
345.2091511889885
345.2091511889885
345.2091511889885
345.2091511889885