P:28 ku:0.3 kw:0.8 ka:0.0 kd:0.0 N:10000 F:144 KMC:1000 
209.28276269715155
209.28276269715155
209.28276269715155
209.28276269715155
209.28276269715155
209.28276269715155
209.28276269715155
209.28276269715155
209.28276269715155
209.28276269715155
209.28276269715155
209.28276269715155
209.28276269715155
209.28276269715155
209.28276269715155
209.28276269715155
209.28276269715155
209.28276269715155
209.28276269715155
209.28276269715155
209.28276269715155
209.28276269715155
209.28276269715155
209.28276269715155
209.28276269715155
209.28276269715155
209.28276269715155
209.28276269715155
209.28276269715155
209.28276269715155
209.28276269715155
209.28276269715155
209.28276269715155
209.28276269715155
209.28276269715155
209.28276269715155
209.28276269715155
209.28276269715155
209.28276269715155
209.28276269715155
209.28276269715155
209.28276269715155
209.28276269715155
209.28276269715155
209.28276269715155
209.28276269715155
209.28276269715155
209.28276269715155
58.428996585610484
58.428996585610484
58.428996585610484
58.428996585610484
58.428996585610484
58.428996585610484
58.428996585610484
58.428996585610484
58.428996585610484
58.428996585610484
58.428996585610484
58.428996585610484
58.428996585610484
58.428996585610484
58.428996585610484
58.428996585610484
58.428996585610484
58.428996585610484
18.025854277809895
58.428996585610484
58.428996585610484
58.428996585610484
58.428996585610484
58.428996585610484
58.428996585610484
58.428996585610484
58.428996585610484
58.428996585610484
58.428996585610484
58.428996585610484
18.025854277809895
18.025854277809895
58.428996585610484
58.428996585610484
18.025854277809895
58.428996585610484
58.428996585610484
58.428996585610484
18.025854277809895
58.428996585610484
18.025854277809895
58.428996585610484
58.428996585610484
18.025854277809895
58.428996585610484
58.428996585610484
18.025854277809895
18.025854277809895
18.025854277809895
58.428996585610484
18.025854277809895
58.428996585610484
18.025854277809895
18.025854277809895
18.025854277809895
58.428996585610484
58.428996585610484
18.025854277809895
18.025854277809895
58.428996585610484
18.025854277809895
18.025854277809895
18.025854277809895
18.025854277809895
58.428996585610484
18.025854277809895
18.025854277809895
18.025854277809895
58.428996585610484
18.025854277809895
58.428996585610484
18.025854277809895
18.025854277809895
18.025854277809895
18.025854277809895
18.025854277809895
18.025854277809895
18.025854277809895
18.025854277809895
18.025854277809895
18.025854277809895
18.025854277809895
18.025854277809895
18.025854277809895
18.025854277809895
18.025854277809895
18.025854277809895
18.025854277809895
58.428996585610484
18.025854277809895
18.025854277809895
18.025854277809895
18.025854277809895
18.025854277809895
18.025854277809895
18.025854277809895