P:29 ku:0.3 kw:0.9 ka:0.0 kd:0.0 N:10000 F:48 KMC:1000 
322.3601436263844
322.3601436263844
322.3601436263844
322.3601436263844
322.3601436263844
322.3601436263844
322.3601436263844
322.3601436263844
322.3601436263844
322.3601436263844
322.3601436263844
322.3601436263844
322.3601436263844
322.3601436263844
322.3601436263844
322.3601436263844
322.3601436263844
322.3601436263844
322.3601436263844
322.3601436263844
322.3601436263844
322.3601436263844
322.3601436263844
322.3601436263844
322.3601436263844
322.3601436263844
322.3601436263844
322.3601436263844
322.3601436263844
322.3601436263844
322.3601436263844
322.3601436263844
322.3601436263844
322.3601436263844
322.3601436263844
322.3601436263844
322.3601436263844
322.3601436263844
322.3601436263844
322.3601436263844
322.3601436263844
322.3601436263844
322.3601436263844
322.3601436263844
322.3601436263844
322.3601436263844
322.3601436263844
322.3601436263844