P:3 ku:0.1 kw:0.3 ka:0.0 kd:0.0 N:10000 F:48 KMC:1000 
1901.2231709216092
1901.2231709216092
1901.2231709216092
1901.2231709216092
1901.2231709216092
1901.2231709216092
1901.2231709216092
1901.2231709216092
1901.2231709216092
1901.2231709216092
1901.2231709216092
1901.2231709216092
1901.2231709216092
1901.2231709216092
1901.2231709216092
1901.2231709216092
1901.2231709216092
1901.2231709216092
1901.2231709216092
1901.2231709216092
1901.2231709216092
1901.2231709216092
1901.2231709216092
1901.2231709216092
1901.2231709216092
1901.2231709216092
1901.2231709216092
1901.2231709216092
1901.2231709216092
1901.2231709216092
1901.2231709216092
1901.2231709216092
1901.2231709216092
1901.2231709216092
1901.2231709216092
1901.2231709216092
1901.2231709216092
1901.2231709216092
1901.2231709216092
1901.2231709216092
1901.2231709216092
1901.2231709216092
1901.2231709216092
1901.2231709216092
1901.2231709216092
1901.2231709216092
1901.2231709216092
1901.2231709216092