P:37 ku:0.4 kw:0.7 ka:0.0 kd:0.0 N:10000 F:2067 KMC:1000 
42.88236647359261
377.17562535294417
42.88236647359261
42.88236647359261
42.88236647359261
42.88236647359261
42.88236647359261
377.17562535294417
42.88236647359261
42.88236647359261
42.88236647359261
42.88236647359261
42.88236647359261
42.88236647359261
42.88236647359261
42.88236647359261
42.88236647359261
42.88236647359261
42.88236647359261
42.88236647359261
42.88236647359261
42.88236647359261
42.88236647359261
42.88236647359261
42.88236647359261
42.88236647359261
42.88236647359261
377.17562535294417
42.88236647359261
42.88236647359261
279.9985532580949
42.88236647359261
42.88236647359261
42.88236647359261
42.88236647359261
42.88236647359261
42.88236647359261
42.88236647359261
42.88236647359261
42.88236647359261
42.88236647359261
42.88236647359261
279.9985532580949
42.88236647359261
377.17562535294417
42.88236647359261
377.17562535294417
377.17562535294417
377.17562535294417
42.88236647359261
377.17562535294417
377.17562535294417
42.88236647359261
42.88236647359261
42.88236647359261
42.88236647359261
377.17562535294417
42.88236647359261
377.17562535294417
377.17562535294417
377.17562535294417
377.17562535294417
377.17562535294417
377.17562535294417
377.17562535294417
377.17562535294417
279.9985532580949
377.17562535294417
377.17562535294417
377.17562535294417
377.17562535294417
377.17562535294417
377.17562535294417
377.17562535294417
377.17562535294417
42.88236647359261
319.3020939076674
377.17562535294417
377.17562535294417
377.17562535294417
377.17562535294417
377.17562535294417
279.9985532580949
377.17562535294417
279.9985532580949
377.17562535294417
377.17562535294417
279.9985532580949
279.9985532580949
377.17562535294417
377.17562535294417
377.17562535294417
377.17562535294417
279.9985532580949
279.9985532580949
279.9985532580949
377.17562535294417
319.3020939076674
279.9985532580949
377.17562535294417
377.17562535294417
279.9985532580949
377.17562535294417
279.9985532580949
279.9985532580949
377.17562535294417
42.88236647359261
279.9985532580949
279.9985532580949
377.17562535294417
279.9985532580949
279.9985532580949
319.3020939076674
279.9985532580949
279.9985532580949
377.17562535294417
319.3020939076674
279.9985532580949
319.3020939076674
279.9985532580949
279.9985532580949
279.9985532580949
279.9985532580949
319.3020939076674
279.9985532580949
279.9985532580949
279.9985532580949
319.3020939076674
279.9985532580949
279.9985532580949
377.17562535294417
319.3020939076674
279.9985532580949
279.9985532580949
279.9985532580949
279.9985532580949
279.9985532580949
279.9985532580949
279.9985532580949
279.9985532580949
319.3020939076674
377.17562535294417
319.3020939076674
319.3020939076674
279.9985532580949
279.9985532580949
319.3020939076674
279.9985532580949
279.9985532580949
319.3020939076674
377.17562535294417
319.3020939076674
279.9985532580949
319.3020939076674
319.3020939076674
319.3020939076674
319.3020939076674
319.3020939076674
319.3020939076674
319.3020939076674
319.3020939076674
319.3020939076674
279.9985532580949
319.3020939076674
319.3020939076674
319.3020939076674
319.3020939076674
319.3020939076674
279.9985532580949
319.3020939076674
319.3020939076674
319.3020939076674
319.3020939076674
279.9985532580949
319.3020939076674
321.37717436883116
319.3020939076674
319.3020939076674
319.3020939076674
319.3020939076674
319.3020939076674
319.3020939076674
279.9985532580949
279.9985532580949
319.3020939076674
319.3020939076674
321.37717436883116
319.3020939076674
319.3020939076674
319.3020939076674
321.37717436883116
319.3020939076674
319.3020939076674
321.37717436883116
321.37717436883116
321.37717436883116
321.37717436883116
321.37717436883116
321.37717436883116
321.37717436883116
319.3020939076674
321.37717436883116
321.37717436883116
319.3020939076674
321.37717436883116
321.37717436883116
321.37717436883116
321.37717436883116
321.37717436883116
321.37717436883116
321.37717436883116
321.37717436883116
321.37717436883116
321.37717436883116
321.37717436883116
321.37717436883116
321.37717436883116
321.37717436883116
321.37717436883116
321.37717436883116
321.37717436883116
321.37717436883116
321.37717436883116
321.37717436883116
321.37717436883116
321.37717436883116
321.37717436883116
321.37717436883116
321.37717436883116
321.37717436883116
321.37717436883116
321.37717436883116
321.37717436883116
321.37717436883116
321.37717436883116
321.37717436883116
321.37717436883116
321.37717436883116
321.37717436883116
321.37717436883116
175.01315946638266
175.01315946638266
175.01315946638266
175.01315946638266
175.01315946638266
175.01315946638266
175.01315946638266
175.01315946638266
175.01315946638266
175.01315946638266
175.01315946638266
175.01315946638266
175.01315946638266
175.01315946638266
175.01315946638266
175.01315946638266
175.01315946638266
175.01315946638266
175.01315946638266
175.01315946638266
175.01315946638266
175.01315946638266
175.01315946638266
175.01315946638266
175.01315946638266
175.01315946638266
175.01315946638266
175.01315946638266
175.01315946638266
175.01315946638266
175.01315946638266
175.01315946638266
175.01315946638266
175.01315946638266
139.12433128980902
175.01315946638266
175.01315946638266
175.01315946638266
175.01315946638266
175.01315946638266
175.01315946638266
139.12433128980902
175.01315946638266
175.01315946638266
175.01315946638266
175.01315946638266
175.01315946638266
139.12433128980902
175.01315946638266
139.12433128980902
175.01315946638266
175.01315946638266
139.12433128980902
139.12433128980902
139.12433128980902
139.12433128980902
139.12433128980902
139.12433128980902
139.12433128980902
306.2301225182933
306.2301225182933
139.12433128980902
139.12433128980902
139.12433128980902
139.12433128980902
306.2301225182933
139.12433128980902
139.12433128980902
139.12433128980902
139.12433128980902
139.12433128980902
139.12433128980902
139.12433128980902
306.2301225182933
139.12433128980902
306.2301225182933
139.12433128980902
139.12433128980902
139.12433128980902
139.12433128980902
139.12433128980902
306.2301225182933
139.12433128980902
139.12433128980902
139.12433128980902
139.12433128980902
139.12433128980902
139.12433128980902
139.12433128980902
306.2301225182933
306.2301225182933
306.2301225182933
139.12433128980902
306.2301225182933
467.64260305143006
306.2301225182933
467.64260305143006
139.12433128980902
139.12433128980902
306.2301225182933
306.2301225182933
139.12433128980902
139.12433128980902
139.12433128980902
139.12433128980902
306.2301225182933
306.2301225182933
139.12433128980902
467.64260305143006
139.12433128980902
139.12433128980902
467.64260305143006
139.12433128980902
306.2301225182933
306.2301225182933
467.64260305143006
139.12433128980902
306.2301225182933
139.12433128980902
306.2301225182933
306.2301225182933
467.64260305143006
306.2301225182933
306.2301225182933
306.2301225182933
306.2301225182933
467.64260305143006
467.64260305143006
306.2301225182933
306.2301225182933
326.70868844908085
306.2301225182933
306.2301225182933
467.64260305143006
467.64260305143006
306.2301225182933
306.2301225182933
467.64260305143006
467.64260305143006
306.2301225182933
306.2301225182933
306.2301225182933
306.2301225182933
467.64260305143006
467.64260305143006
306.2301225182933
467.64260305143006
306.2301225182933
306.2301225182933
467.64260305143006
467.64260305143006
467.64260305143006
326.70868844908085
467.64260305143006
306.2301225182933
326.70868844908085
467.64260305143006
326.70868844908085
306.2301225182933
467.64260305143006
306.2301225182933
467.64260305143006
467.64260305143006
467.64260305143006
306.2301225182933
467.64260305143006
306.2301225182933
306.2301225182933
306.2301225182933
467.64260305143006
467.64260305143006
467.64260305143006
306.2301225182933
326.70868844908085
306.2301225182933
467.64260305143006
467.64260305143006
326.70868844908085
467.64260305143006
467.64260305143006
467.64260305143006
467.64260305143006
326.70868844908085
467.64260305143006
326.70868844908085
326.70868844908085
467.64260305143006
326.70868844908085
467.64260305143006
306.2301225182933
467.64260305143006
326.70868844908085
467.64260305143006
326.70868844908085
326.70868844908085
326.70868844908085
326.70868844908085
326.70868844908085
306.2301225182933
326.70868844908085
467.64260305143006
326.70868844908085
326.70868844908085
467.64260305143006
326.70868844908085
326.70868844908085
467.64260305143006
326.70868844908085
326.70868844908085
600.9197508969154
467.64260305143006
326.70868844908085
326.70868844908085
326.70868844908085
467.64260305143006
467.64260305143006
326.70868844908085
600.9197508969154
600.9197508969154
326.70868844908085
326.70868844908085
467.64260305143006
326.70868844908085
326.70868844908085
326.70868844908085
467.64260305143006
600.9197508969154
326.70868844908085
326.70868844908085
600.9197508969154
600.9197508969154
326.70868844908085
600.9197508969154
600.9197508969154
467.64260305143006
326.70868844908085
600.9197508969154
326.70868844908085
600.9197508969154
326.70868844908085
600.9197508969154
600.9197508969154
600.9197508969154
326.70868844908085
326.70868844908085
326.70868844908085
600.9197508969154
600.9197508969154
326.70868844908085
326.70868844908085
600.9197508969154
600.9197508969154
600.9197508969154
326.70868844908085
600.9197508969154
600.9197508969154
600.9197508969154
600.9197508969154
326.70868844908085
600.9197508969154
326.70868844908085
600.9197508969154
326.70868844908085
600.9197508969154
600.9197508969154
600.9197508969154
600.9197508969154
600.9197508969154
600.9197508969154
600.9197508969154
600.9197508969154
326.70868844908085
600.9197508969154
600.9197508969154
600.9197508969154
600.9197508969154
600.9197508969154
600.9197508969154
600.9197508969154
600.9197508969154
600.9197508969154
600.9197508969154
600.9197508969154
600.9197508969154
600.9197508969154
600.9197508969154
600.9197508969154
600.9197508969154
50.283925611527124
50.283925611527124
50.283925611527124
50.283925611527124
50.283925611527124
50.283925611527124
50.283925611527124
50.283925611527124
50.283925611527124
50.283925611527124
50.283925611527124
50.283925611527124
50.283925611527124
50.283925611527124
50.283925611527124
50.283925611527124
50.283925611527124
50.283925611527124
50.283925611527124
50.283925611527124
50.283925611527124
50.283925611527124
50.283925611527124
50.283925611527124
50.283925611527124
50.283925611527124
50.283925611527124
50.283925611527124
50.283925611527124
50.283925611527124
50.283925611527124
50.283925611527124
50.283925611527124
50.283925611527124
50.283925611527124
50.283925611527124
50.283925611527124
50.283925611527124
50.283925611527124
503.78343920787034
50.283925611527124
50.283925611527124
50.283925611527124
50.283925611527124
50.283925611527124
50.283925611527124
50.283925611527124
503.78343920787034
503.78343920787034
525.75645581443
503.78343920787034
503.78343920787034
50.283925611527124
503.78343920787034
503.78343920787034
525.75645581443
525.75645581443
503.78343920787034
503.78343920787034
525.75645581443
525.75645581443
525.75645581443
503.78343920787034
525.75645581443
503.78343920787034
503.78343920787034
503.78343920787034
525.75645581443
503.78343920787034
525.75645581443
503.78343920787034
525.75645581443
503.78343920787034
503.78343920787034
525.75645581443
525.75645581443
525.75645581443
503.78343920787034
525.75645581443
525.75645581443
525.75645581443
467.60238576836986
525.75645581443
467.60238576836986
467.60238576836986
525.75645581443
503.78343920787034
50.283925611527124
503.78343920787034
503.78343920787034
503.78343920787034
503.78343920787034
503.78343920787034
467.60238576836986
467.60238576836986
525.75645581443
467.60238576836986
525.75645581443
503.78343920787034
525.75645581443
525.75645581443
503.78343920787034
467.60238576836986
503.78343920787034
525.75645581443
467.60238576836986
525.75645581443
467.60238576836986
525.75645581443
503.78343920787034
503.78343920787034
467.60238576836986
467.60238576836986
525.75645581443
525.75645581443
503.78343920787034
525.75645581443
503.78343920787034
467.60238576836986
503.78343920787034
467.60238576836986
467.60238576836986
467.60238576836986
525.75645581443
467.60238576836986
525.75645581443
467.60238576836986
503.78343920787034
503.78343920787034
503.78343920787034
503.78343920787034
503.78343920787034
467.60238576836986
525.75645581443
503.78343920787034
503.78343920787034
467.60238576836986
467.60238576836986
467.60238576836986
467.60238576836986
525.75645581443
525.75645581443
525.75645581443
525.75645581443
525.75645581443
525.75645581443
467.60238576836986
503.78343920787034
467.60238576836986
467.60238576836986
467.60238576836986
525.75645581443
525.75645581443
503.78343920787034
467.60238576836986
503.78343920787034
467.60238576836986
467.60238576836986
503.78343920787034
503.78343920787034
503.78343920787034
525.75645581443
467.60238576836986
525.75645581443
525.75645581443
525.75645581443
525.75645581443
503.78343920787034
503.78343920787034
467.60238576836986
467.60238576836986
525.75645581443
467.60238576836986
525.75645581443
467.60238576836986
525.75645581443
467.60238576836986
467.60238576836986
467.60238576836986
467.60238576836986
503.78343920787034
467.60238576836986
533.7329320206574
467.60238576836986
467.60238576836986
467.60238576836986
467.60238576836986
525.75645581443
467.60238576836986
467.60238576836986
467.60238576836986
467.60238576836986
533.7329320206574
533.7329320206574
533.7329320206574
533.7329320206574
533.7329320206574
533.7329320206574
533.7329320206574
533.7329320206574
533.7329320206574
533.7329320206574
533.7329320206574
533.7329320206574
533.7329320206574
467.60238576836986
533.7329320206574
533.7329320206574
533.7329320206574
533.7329320206574
533.7329320206574
533.7329320206574
533.7329320206574
533.7329320206574
533.7329320206574
533.7329320206574
533.7329320206574
533.7329320206574
394.0291275915922
533.7329320206574
533.7329320206574
533.7329320206574
533.7329320206574
533.7329320206574
533.7329320206574
533.7329320206574
533.7329320206574
533.7329320206574
622.9257695004128
533.7329320206574
394.0291275915922
394.0291275915922
394.0291275915922
394.0291275915922
533.7329320206574
394.0291275915922
533.7329320206574
533.7329320206574
533.7329320206574
533.7329320206574
394.0291275915922
394.0291275915922
533.7329320206574
394.0291275915922
394.0291275915922
533.7329320206574
394.0291275915922
533.7329320206574
449.35275599627795
28.489335093737452
394.0291275915922
394.0291275915922
313.1156145633082
622.9257695004128
394.0291275915922
533.7329320206574
622.9257695004128
622.9257695004128
394.0291275915922
394.0291275915922
394.0291275915922
394.0291275915922
622.9257695004128
622.9257695004128
622.9257695004128
475.8586847948346
533.7329320206574
622.9257695004128
622.9257695004128
394.0291275915922
622.9257695004128
533.7329320206574
449.35275599627795
28.489335093737452
394.0291275915922
622.9257695004128
394.0291275915922
622.9257695004128
394.0291275915922
622.9257695004128
394.0291275915922
394.0291275915922
394.0291275915922
449.35275599627795
394.0291275915922
394.0291275915922
622.9257695004128
394.0291275915922
394.0291275915922
394.0291275915922
622.9257695004128
449.35275599627795
28.489335093737452
449.35275599627795
313.1156145633082
313.1156145633082
622.9257695004128
449.35275599627795
449.35275599627795
622.9257695004128
449.35275599627795
28.489335093737452
449.35275599627795
28.489335093737452
394.0291275915922
28.489335093737452
394.0291275915922
28.489335093737452
622.9257695004128
313.1156145633082
533.7329320206574
28.489335093737452
28.489335093737452
622.9257695004128
622.9257695004128
394.0291275915922
394.0291275915922
313.1156145633082
313.1156145633082
622.9257695004128
449.35275599627795
28.489335093737452
449.35275599627795
313.1156145633082
622.9257695004128
449.35275599627795
28.489335093737452
28.489335093737452
313.1156145633082
622.9257695004128
475.8586847948346
622.9257695004128
313.1156145633082
622.9257695004128
475.8586847948346
622.9257695004128
394.0291275915922
394.0291275915922
313.1156145633082
449.35275599627795
394.0291275915922
313.1156145633082
475.8586847948346
394.0291275915922
622.9257695004128
394.0291275915922
28.489335093737452
394.0291275915922
622.9257695004128
449.35275599627795
394.0291275915922
449.35275599627795
475.8586847948346
622.9257695004128
622.9257695004128
475.8586847948346
313.1156145633082
449.35275599627795
28.489335093737452
622.9257695004128
28.489335093737452
449.35275599627795
394.0291275915922
313.1156145633082
28.489335093737452
449.35275599627795
28.489335093737452
475.8586847948346
475.8586847948346
394.0291275915922
622.9257695004128
622.9257695004128
313.1156145633082
622.9257695004128
28.489335093737452
475.8586847948346
313.1156145633082
313.1156145633082
313.1156145633082
449.35275599627795
28.489335093737452
449.35275599627795
449.35275599627795
28.489335093737452
475.8586847948346
449.35275599627795
622.9257695004128
449.35275599627795
28.489335093737452
313.1156145633082
394.0291275915922
449.35275599627795
313.1156145633082
28.489335093737452
449.35275599627795
449.35275599627795
622.9257695004128
28.489335093737452
313.1156145633082
622.9257695004128
622.9257695004128
475.8586847948346
622.9257695004128
28.489335093737452
475.8586847948346
475.8586847948346
313.1156145633082
622.9257695004128
449.35275599627795
28.489335093737452
394.0291275915922
313.1156145633082
394.0291275915922
475.8586847948346
313.1156145633082
313.1156145633082
449.35275599627795
28.489335093737452
475.8586847948346
475.8586847948346
622.9257695004128
622.9257695004128
449.35275599627795
622.9257695004128
28.489335093737452
313.1156145633082
475.8586847948346
449.35275599627795
28.489335093737452
449.35275599627795
313.1156145633082
475.8586847948346
475.8586847948346
475.8586847948346
313.1156145633082
449.35275599627795
28.489335093737452
449.35275599627795
622.9257695004128
475.8586847948346
28.489335093737452
449.35275599627795
28.489335093737452
449.35275599627795
449.35275599627795
28.489335093737452
28.489335093737452
449.35275599627795
28.489335093737452
28.489335093737452
449.35275599627795
28.489335093737452
394.0291275915922
313.1156145633082
313.1156145633082
622.9257695004128
28.489335093737452
313.1156145633082
475.8586847948346
475.8586847948346
313.1156145633082
313.1156145633082
28.489335093737452
313.1156145633082
313.1156145633082
449.35275599627795
475.8586847948346
313.1156145633082
28.489335093737452
622.9257695004128
313.1156145633082
313.1156145633082
475.8586847948346
313.1156145633082
475.8586847948346
313.1156145633082
449.35275599627795
28.489335093737452
475.8586847948346
313.1156145633082
449.35275599627795
28.489335093737452
622.9257695004128
449.35275599627795
475.8586847948346
475.8586847948346
313.1156145633082
28.489335093737452
475.8586847948346
394.0291275915922
475.8586847948346
475.8586847948346
475.8586847948346
475.8586847948346
449.35275599627795
475.8586847948346
475.8586847948346
475.8586847948346
449.35275599627795
475.8586847948346
475.8586847948346
449.35275599627795
313.1156145633082
28.489335093737452
28.489335093737452
449.35275599627795
449.35275599627795
28.489335093737452
475.8586847948346
544.9874516475936
313.1156145633082
475.8586847948346
313.1156145633082
28.489335093737452
28.489335093737452
313.1156145633082
313.1156145633082
313.1156145633082
475.8586847948346
475.8586847948346
211.3339726418621
622.9257695004128
475.8586847948346
475.8586847948346
544.9874516475936
475.8586847948346
475.8586847948346
464.48352311836214
544.9874516475936
544.9874516475936
544.9874516475936
449.35275599627795
544.9874516475936
211.3339726418621
28.489335093737452
544.9874516475936
544.9874516475936
313.1156145633082
211.3339726418621
148.2459987999325
544.9874516475936
544.9874516475936
211.3339726418621
211.3339726418621
464.48352311836214
211.3339726418621
211.3339726418621
544.9874516475936
211.3339726418621
475.8586847948346
544.9874516475936
544.9874516475936
544.9874516475936
544.9874516475936
615.6757399145517
211.3339726418621
544.9874516475936
544.9874516475936
544.9874516475936
544.9874516475936
544.9874516475936
544.9874516475936
544.9874516475936
211.3339726418621
464.48352311836214
464.48352311836214
464.48352311836214
211.3339726418621
544.9874516475936
544.9874516475936
544.9874516475936
544.9874516475936
544.9874516475936
148.2459987999325
464.48352311836214
211.3339726418621
464.48352311836214
211.3339726418621
211.3339726418621
544.9874516475936
464.48352311836214
211.3339726418621
211.3339726418621
464.48352311836214
211.3339726418621
211.3339726418621
544.9874516475936
544.9874516475936
226.4042046742067
211.3339726418621
615.6757399145517
211.3339726418621
544.9874516475936
544.9874516475936
464.48352311836214
211.3339726418621
148.2459987999325
464.48352311836214
211.3339726418621
544.9874516475936
211.3339726418621
211.3339726418621
544.9874516475936
211.3339726418621
211.3339726418621
464.48352311836214
544.9874516475936
464.48352311836214
544.9874516475936
211.3339726418621
544.9874516475936
544.9874516475936
148.2459987999325
464.48352311836214
544.9874516475936
148.2459987999325
211.3339726418621
148.2459987999325
544.9874516475936
615.6757399145517
464.48352311836214
464.48352311836214
544.9874516475936
211.3339726418621
464.48352311836214
615.6757399145517
211.3339726418621
464.48352311836214
211.3339726418621
211.3339726418621
501.28472551286393
464.48352311836214
148.2459987999325
615.6757399145517
464.48352311836214
211.3339726418621
148.2459987999325
148.2459987999325
464.48352311836214
544.9874516475936
211.3339726418621
211.3339726418621
615.6757399145517
211.3339726418621
544.9874516475936
464.48352311836214
464.48352311836214
464.48352311836214
211.3339726418621
464.48352311836214
148.2459987999325
544.9874516475936
211.3339726418621
464.48352311836214
148.2459987999325
544.9874516475936
211.3339726418621
464.48352311836214
211.3339726418621
544.9874516475936
544.9874516475936
615.6757399145517
464.48352311836214
211.3339726418621
464.48352311836214
464.48352311836214
148.2459987999325
44.13389262289294
226.4042046742067
148.2459987999325
226.4042046742067
615.6757399145517
464.48352311836214
464.48352311836214
615.6757399145517
148.2459987999325
464.48352311836214
464.48352311836214
615.6757399145517
148.2459987999325
148.2459987999325
148.2459987999325
464.48352311836214
211.3339726418621
464.48352311836214
464.48352311836214
148.2459987999325
148.2459987999325
211.3339726418621
148.2459987999325
148.2459987999325
148.2459987999325
226.4042046742067
211.3339726418621
226.4042046742067
148.2459987999325
615.6757399145517
211.3339726418621
615.6757399145517
501.28472551286393
226.4042046742067
464.48352311836214
464.48352311836214
211.3339726418621
615.6757399145517
464.48352311836214
615.6757399145517
226.4042046742067
501.28472551286393
615.6757399145517
615.6757399145517
148.2459987999325
615.6757399145517
148.2459987999325
501.28472551286393
464.48352311836214
148.2459987999325
148.2459987999325
211.3339726418621
615.6757399145517
615.6757399145517
615.6757399145517
148.2459987999325
615.6757399145517
501.28472551286393
615.6757399145517
44.13389262289294
615.6757399145517
148.2459987999325
148.2459987999325
226.4042046742067
501.28472551286393
464.48352311836214
148.2459987999325
464.48352311836214
148.2459987999325
464.48352311836214
544.9874516475936
148.2459987999325
226.4042046742067
615.6757399145517
615.6757399145517
464.48352311836214
464.48352311836214
148.2459987999325
148.2459987999325
615.6757399145517
615.6757399145517
226.4042046742067
148.2459987999325
615.6757399145517
501.28472551286393
44.13389262289294
44.13389262289294
615.6757399145517
211.3339726418621
226.4042046742067
615.6757399145517
615.6757399145517
501.28472551286393
501.28472551286393
226.4042046742067
148.2459987999325
148.2459987999325
226.4042046742067
464.48352311836214
615.6757399145517
148.2459987999325
226.4042046742067
148.2459987999325
226.4042046742067
44.13389262289294
226.4042046742067
615.6757399145517
615.6757399145517
615.6757399145517
226.4042046742067
226.4042046742067
501.28472551286393
148.2459987999325
44.13389262289294
44.13389262289294
226.4042046742067
226.4042046742067
615.6757399145517
148.2459987999325
226.4042046742067
148.2459987999325
226.4042046742067
501.28472551286393
501.28472551286393
615.6757399145517
615.6757399145517
226.4042046742067
615.6757399145517
501.28472551286393
501.28472551286393
148.2459987999325
44.13389262289294
615.6757399145517
226.4042046742067
226.4042046742067
501.28472551286393
501.28472551286393
148.2459987999325
464.48352311836214
44.13389262289294
501.28472551286393
226.4042046742067
226.4042046742067
226.4042046742067
226.4042046742067
501.28472551286393
501.28472551286393
501.28472551286393
226.4042046742067
611.8428651026608
501.28472551286393
226.4042046742067
615.6757399145517
148.2459987999325
501.28472551286393
226.4042046742067
501.28472551286393
615.6757399145517
615.6757399145517
501.28472551286393
44.13389262289294
501.28472551286393
44.13389262289294
44.13389262289294
615.6757399145517
226.4042046742067
501.28472551286393
44.13389262289294
226.4042046742067
44.13389262289294
44.13389262289294
148.2459987999325
226.4042046742067
501.28472551286393
501.28472551286393
226.4042046742067
44.13389262289294
501.28472551286393
615.6757399145517
226.4042046742067
226.4042046742067
501.28472551286393
226.4042046742067
44.13389262289294
615.6757399145517
501.28472551286393
44.13389262289294
226.4042046742067
44.13389262289294
44.13389262289294
501.28472551286393
501.28472551286393
501.28472551286393
611.8428651026608
559.0705840612766
44.13389262289294
44.13389262289294
611.8428651026608
44.13389262289294
615.6757399145517
44.13389262289294
501.28472551286393
148.2459987999325
44.13389262289294
44.13389262289294
501.28472551286393
44.13389262289294
501.28472551286393
501.28472551286393
206.9785570030888
44.13389262289294
501.28472551286393
226.4042046742067
44.13389262289294
44.13389262289294
44.13389262289294
226.4042046742067
226.4042046742067
501.28472551286393
226.4042046742067
44.13389262289294
615.6757399145517
501.28472551286393
44.13389262289294
611.8428651026608
44.13389262289294
611.8428651026608
226.4042046742067
44.13389262289294
44.13389262289294
44.13389262289294
226.4042046742067
44.13389262289294
501.28472551286393
559.0705840612766
501.28472551286393
559.0705840612766
206.9785570030888
611.8428651026608
44.13389262289294
44.13389262289294
226.4042046742067
206.9785570030888
501.28472551286393
611.8428651026608
501.28472551286393
559.0705840612766
611.8428651026608
44.13389262289294
611.8428651026608
501.28472551286393
611.8428651026608
206.9785570030888
44.13389262289294
226.4042046742067
44.13389262289294
611.8428651026608
611.8428651026608
501.28472551286393
611.8428651026608
611.8428651026608
501.28472551286393
559.0705840612766
611.8428651026608
611.8428651026608
611.8428651026608
44.13389262289294
559.0705840612766
44.13389262289294
206.9785570030888
611.8428651026608
611.8428651026608
559.0705840612766
559.0705840612766
611.8428651026608
206.9785570030888
44.13389262289294
44.13389262289294
611.8428651026608
206.9785570030888
559.0705840612766
249.37563971179137
611.8428651026608
611.8428651026608
559.0705840612766
611.8428651026608
611.8428651026608
206.9785570030888
559.0705840612766
611.8428651026608
611.8428651026608
559.0705840612766
559.0705840612766
611.8428651026608
44.13389262289294
611.8428651026608
269.8367607776946
559.0705840612766
206.9785570030888
559.0705840612766
206.9785570030888
206.9785570030888
206.9785570030888
611.8428651026608
611.8428651026608
611.8428651026608
559.0705840612766
559.0705840612766
559.0705840612766
206.9785570030888
559.0705840612766
559.0705840612766
206.9785570030888
206.9785570030888
206.9785570030888
206.9785570030888
559.0705840612766
559.0705840612766
206.9785570030888
611.8428651026608
611.8428651026608
611.8428651026608
206.9785570030888
206.9785570030888
559.0705840612766
206.9785570030888
559.0705840612766
559.0705840612766
559.0705840612766
559.0705840612766
559.0705840612766
206.9785570030888
206.9785570030888
559.0705840612766
249.37563971179137
206.9785570030888
206.9785570030888
206.9785570030888
206.9785570030888
559.0705840612766
206.9785570030888
206.9785570030888
559.0705840612766
269.8367607776946
206.9785570030888
559.0705840612766
611.8428651026608
611.8428651026608
611.8428651026608
249.37563971179137
611.8428651026608
559.0705840612766
559.0705840612766
206.9785570030888
611.8428651026608
249.37563971179137
559.0705840612766
206.9785570030888
611.8428651026608
269.8367607776946
206.9785570030888
611.8428651026608
206.9785570030888
206.9785570030888
269.8367607776946
611.8428651026608
249.37563971179137
559.0705840612766
559.0705840612766
611.8428651026608
206.9785570030888
249.37563971179137
559.0705840612766
269.8367607776946
269.8367607776946
559.0705840612766
559.0705840612766
611.8428651026608
249.37563971179137
206.9785570030888
249.37563971179137
206.9785570030888
611.8428651026608
206.9785570030888
206.9785570030888
269.8367607776946
269.8367607776946
611.8428651026608
611.8428651026608
559.0705840612766
249.37563971179137
206.9785570030888
559.0705840612766
249.37563971179137
249.37563971179137
559.0705840612766
249.37563971179137
559.0705840612766
249.37563971179137
249.37563971179137
249.37563971179137
269.8367607776946
249.37563971179137
269.8367607776946
269.8367607776946
206.9785570030888
269.8367607776946
249.37563971179137
249.37563971179137
206.9785570030888
559.0705840612766
269.8367607776946
269.8367607776946
559.0705840612766
249.37563971179137
249.37563971179137
206.9785570030888
269.8367607776946
269.8367607776946
249.37563971179137
269.8367607776946
559.0705840612766
559.0705840612766
249.37563971179137
206.9785570030888
249.37563971179137
206.9785570030888
269.8367607776946
269.8367607776946
249.37563971179137
269.8367607776946
206.9785570030888
249.37563971179137
206.9785570030888
269.8367607776946
249.37563971179137
249.37563971179137
269.8367607776946
269.8367607776946
269.8367607776946
269.8367607776946
249.37563971179137
249.37563971179137
249.37563971179137
249.37563971179137
269.8367607776946
269.8367607776946
249.37563971179137
269.8367607776946
269.8367607776946
269.8367607776946
269.8367607776946
249.37563971179137
249.37563971179137
269.8367607776946
269.8367607776946
269.8367607776946
249.37563971179137
269.8367607776946
249.37563971179137
249.37563971179137
249.37563971179137
249.37563971179137
269.8367607776946
249.37563971179137
269.8367607776946
249.37563971179137
269.8367607776946
269.8367607776946
269.8367607776946
249.37563971179137
269.8367607776946
249.37563971179137
269.8367607776946
249.37563971179137
269.8367607776946
249.37563971179137
135.38002651633283
249.37563971179137
269.8367607776946
249.37563971179137
249.37563971179137
269.8367607776946
269.8367607776946
269.8367607776946
269.8367607776946
135.38002651633283
135.38002651633283
135.38002651633283
135.38002651633283
135.38002651633283
135.38002651633283
161.32705954486582
135.38002651633283
135.38002651633283
135.38002651633283
161.32705954486582
152.1307196201624
161.32705954486582
135.38002651633283
135.38002651633283
135.38002651633283
161.32705954486582
161.32705954486582
135.38002651633283
135.38002651633283
161.32705954486582
135.38002651633283
135.38002651633283
152.1307196201624
152.1307196201624
135.38002651633283
152.1307196201624
152.1307196201624
161.32705954486582
488.1643871065272
125.38819195257292
161.32705954486582
135.38002651633283
152.1307196201624
135.38002651633283
161.32705954486582
135.38002651633283
135.38002651633283
135.38002651633283
161.32705954486582
152.1307196201624
488.1643871065272
152.1307196201624
135.38002651633283
135.38002651633283
161.32705954486582
161.32705954486582
135.38002651633283
161.32705954486582
152.1307196201624
125.38819195257292
161.32705954486582
161.32705954486582
488.1643871065272
135.38002651633283
488.1643871065272
488.1643871065272
152.1307196201624
135.38002651633283
135.38002651633283
125.38819195257292
152.1307196201624
161.32705954486582
226.03168340972417
135.38002651633283
488.1643871065272
152.1307196201624
161.32705954486582
135.38002651633283
152.1307196201624
152.1307196201624
125.38819195257292
488.1643871065272
135.38002651633283
152.1307196201624
135.38002651633283
267.3212814761074
125.38819195257292
152.1307196201624
125.38819195257292
488.1643871065272
125.38819195257292
135.38002651633283
161.32705954486582
161.32705954486582
125.38819195257292
135.38002651633283
161.32705954486582
161.32705954486582
161.32705954486582
488.1643871065272
152.1307196201624
135.38002651633283
152.1307196201624
161.32705954486582
161.32705954486582
135.38002651633283
488.1643871065272
125.38819195257292
135.38002651633283
152.1307196201624
161.32705954486582
488.1643871065272
152.1307196201624
488.1643871065272
125.38819195257292
488.1643871065272
226.03168340972417
161.32705954486582
135.38002651633283
125.38819195257292
161.32705954486582
125.38819195257292
161.32705954486582
135.38002651633283
152.1307196201624
152.1307196201624
152.1307196201624
125.38819195257292
226.03168340972417
345.0396519929348
161.32705954486582
488.1643871065272
488.1643871065272
488.1643871065272
161.32705954486582
125.38819195257292
135.38002651633283
135.38002651633283
125.38819195257292
135.38002651633283
267.3212814761074
267.3212814761074
226.03168340972417
152.1307196201624
161.32705954486582
125.38819195257292
152.1307196201624
152.1307196201624
135.38002651633283
226.03168340972417
161.32705954486582
488.1643871065272
161.32705954486582
267.3212814761074
226.03168340972417
135.38002651633283
152.1307196201624
135.38002651633283
125.38819195257292
267.3212814761074
488.1643871065272
161.32705954486582
488.1643871065272
488.1643871065272
488.1643871065272
152.1307196201624
152.1307196201624
152.1307196201624
135.38002651633283
152.1307196201624
152.1307196201624
226.03168340972417
125.38819195257292
488.1643871065272
125.38819195257292
125.38819195257292
267.3212814761074
125.38819195257292
161.32705954486582
152.1307196201624
226.03168340972417
135.38002651633283
488.1643871065272
488.1643871065272
125.38819195257292
267.3212814761074
161.32705954486582
291.73087925113475
152.1307196201624
488.1643871065272
226.03168340972417
345.0396519929348
125.38819195257292
267.3212814761074
267.3212814761074
345.0396519929348
125.38819195257292
226.03168340972417
161.32705954486582
125.38819195257292
488.1643871065272
488.1643871065272
125.38819195257292
152.1307196201624
267.3212814761074
488.1643871065272
226.03168340972417
125.38819195257292
152.1307196201624
488.1643871065272
488.1643871065272
226.03168340972417
161.32705954486582
488.1643871065272
345.0396519929348
547.7680514199499
161.32705954486582
161.32705954486582
125.38819195257292
345.0396519929348
267.3212814761074
125.38819195257292
161.32705954486582
345.0396519929348
125.38819195257292
226.03168340972417
488.1643871065272
161.32705954486582
125.38819195257292
152.1307196201624
161.32705954486582
226.03168340972417
161.32705954486582
226.03168340972417
161.32705954486582
152.1307196201624
267.3212814761074
125.38819195257292
488.1643871065272
267.3212814761074
125.38819195257292
226.03168340972417
226.03168340972417
152.1307196201624
267.3212814761074
267.3212814761074
345.0396519929348
226.03168340972417
226.03168340972417
488.1643871065272
291.73087925113475
345.0396519929348
125.38819195257292
152.1307196201624
488.1643871065272
371.60064828464317
226.03168340972417
226.03168340972417
152.1307196201624
226.03168340972417
226.03168340972417
267.3212814761074
267.3212814761074
267.3212814761074
161.32705954486582
152.1307196201624
267.3212814761074
152.1307196201624
345.0396519929348
291.73087925113475
152.1307196201624
125.38819195257292
345.0396519929348
488.1643871065272
267.3212814761074
488.1643871065272
345.0396519929348
125.38819195257292
547.7680514199499
267.3212814761074
267.3212814761074
161.32705954486582
152.1307196201624
29.728802830181817
161.32705954486582
488.1643871065272
291.73087925113475
291.73087925113475
226.03168340972417
125.38819195257292
267.3212814761074
226.03168340972417
152.1307196201624
291.73087925113475
345.0396519929348
226.03168340972417
267.3212814761074
152.1307196201624
226.03168340972417
267.3212814761074
226.03168340972417
125.38819195257292
476.911462348545
345.0396519929348
152.1307196201624
488.1643871065272
345.0396519929348
125.38819195257292
488.1643871065272
267.3212814761074
345.0396519929348
547.7680514199499
488.1643871065272
267.3212814761074
345.0396519929348
226.03168340972417
547.7680514199499
488.1643871065272
125.38819195257292
291.73087925113475
547.7680514199499
488.1643871065272
291.73087925113475
488.1643871065272
125.38819195257292
345.0396519929348
226.03168340972417
488.1643871065272
291.73087925113475
345.0396519929348
226.03168340972417
125.38819195257292
291.73087925113475
267.3212814761074
125.38819195257292
345.0396519929348
226.03168340972417
345.0396519929348
125.38819195257292
226.03168340972417
488.1643871065272
226.03168340972417
371.60064828464317
267.3212814761074
125.38819195257292
547.7680514199499
267.3212814761074
345.0396519929348
29.728802830181817
267.3212814761074
345.0396519929348
267.3212814761074
345.0396519929348
345.0396519929348
488.1643871065272
267.3212814761074
125.38819195257292
291.73087925113475
267.3212814761074
345.0396519929348
226.03168340972417
291.73087925113475
547.7680514199499
125.38819195257292
547.7680514199499
291.73087925113475
547.7680514199499
371.60064828464317
29.728802830181817
345.0396519929348
371.60064828464317
291.73087925113475
488.1643871065272
267.3212814761074
547.7680514199499
226.03168340972417
291.73087925113475
226.03168340972417
371.60064828464317
371.60064828464317
29.728802830181817
29.728802830181817
25.16056901478346
291.73087925113475
291.73087925113475
345.0396519929348
29.728802830181817
267.3212814761074
125.38819195257292
267.3212814761074
291.73087925113475
476.911462348545
547.7680514199499
345.0396519929348
547.7680514199499