P:38 ku:0.4 kw:0.8 ka:0.0 kd:0.0 N:10000 F:959 KMC:1000 
285.34685526909453
285.34685526909453
285.34685526909453
285.34685526909453
285.34685526909453
285.34685526909453
285.34685526909453
285.34685526909453
285.34685526909453
285.34685526909453
285.34685526909453
285.34685526909453
285.34685526909453
285.34685526909453
285.34685526909453
285.34685526909453
285.34685526909453
285.34685526909453
285.34685526909453
285.34685526909453
285.34685526909453
285.34685526909453
285.34685526909453
285.34685526909453
285.34685526909453
285.34685526909453
285.34685526909453
285.34685526909453
285.34685526909453
285.34685526909453
285.34685526909453
285.34685526909453
285.34685526909453
285.34685526909453
285.34685526909453
285.34685526909453
285.34685526909453
285.34685526909453
285.34685526909453
285.34685526909453
285.34685526909453
285.34685526909453
285.34685526909453
285.34685526909453
285.34685526909453
285.34685526909453
285.34685526909453
285.34685526909453
419.15507295434963
419.15507295434963
419.15507295434963
419.15507295434963
419.15507295434963
419.15507295434963
419.15507295434963
419.15507295434963
419.15507295434963
419.15507295434963
419.15507295434963
419.15507295434963
419.15507295434963
419.15507295434963
419.15507295434963
419.15507295434963
419.15507295434963
419.15507295434963
419.15507295434963
419.15507295434963
419.15507295434963
585.5814379651791
419.15507295434963
585.5814379651791
419.15507295434963
419.15507295434963
419.15507295434963
419.15507295434963
419.15507295434963
419.15507295434963
585.5814379651791
419.15507295434963
585.5814379651791
419.15507295434963
419.15507295434963
419.15507295434963
419.15507295434963
419.15507295434963
585.5814379651791
585.5814379651791
585.5814379651791
419.15507295434963
419.15507295434963
585.5814379651791
585.5814379651791
419.15507295434963
419.15507295434963
419.15507295434963
419.15507295434963
419.15507295434963
585.5814379651791
585.5814379651791
585.5814379651791
419.15507295434963
585.5814379651791
419.15507295434963
585.5814379651791
419.15507295434963
585.5814379651791
585.5814379651791
585.5814379651791
585.5814379651791
419.15507295434963
585.5814379651791
585.5814379651791
585.5814379651791
419.15507295434963
585.5814379651791
585.5814379651791
585.5814379651791
585.5814379651791
419.15507295434963
419.15507295434963
585.5814379651791
585.5814379651791
585.5814379651791
585.5814379651791
585.5814379651791
585.5814379651791
585.5814379651791
585.5814379651791
585.5814379651791
585.5814379651791
585.5814379651791
585.5814379651791
585.5814379651791
585.5814379651791
585.5814379651791
585.5814379651791
585.5814379651791
585.5814379651791
585.5814379651791
585.5814379651791
585.5814379651791
585.5814379651791
585.5814379651791
93.41506337998125
93.41506337998125
93.41506337998125
93.41506337998125
93.41506337998125
93.41506337998125
93.41506337998125
93.41506337998125
93.41506337998125
93.41506337998125
93.41506337998125
93.41506337998125
93.41506337998125
93.41506337998125
93.41506337998125
93.41506337998125
93.41506337998125
93.41506337998125
93.41506337998125
93.41506337998125
93.41506337998125
93.41506337998125
93.41506337998125
93.41506337998125
93.41506337998125
93.41506337998125
93.41506337998125
93.41506337998125
93.41506337998125
93.41506337998125
93.41506337998125
93.41506337998125
93.41506337998125
93.41506337998125
93.41506337998125
93.41506337998125
93.41506337998125
93.41506337998125
93.41506337998125
93.41506337998125
93.41506337998125
93.41506337998125
93.41506337998125
93.41506337998125
93.41506337998125
93.41506337998125
93.41506337998125
93.41506337998125
478.5934807249108
478.5934807249108
478.5934807249108
478.5934807249108
478.5934807249108
478.5934807249108
478.5934807249108
478.5934807249108
478.5934807249108
478.5934807249108
478.5934807249108
478.5934807249108
478.5934807249108
478.5934807249108
478.5934807249108
478.5934807249108
478.5934807249108
478.5934807249108
478.5934807249108
478.5934807249108
478.5934807249108
478.5934807249108
478.5934807249108
478.5934807249108
478.5934807249108
478.5934807249108
478.5934807249108
478.5934807249108
478.5934807249108
478.5934807249108
478.5934807249108
478.5934807249108
478.5934807249108
478.5934807249108
478.5934807249108
478.5934807249108
478.5934807249108
478.5934807249108
478.5934807249108
478.5934807249108
478.5934807249108
478.5934807249108
478.5934807249108
478.5934807249108
478.5934807249108
478.5934807249108
478.5934807249108
478.5934807249108
590.9624251808809
590.9624251808809
590.9624251808809
590.9624251808809
590.9624251808809
590.9624251808809
590.9624251808809
590.9624251808809
590.9624251808809
590.9624251808809
590.9624251808809
590.9624251808809
590.9624251808809
590.9624251808809
590.9624251808809
590.9624251808809
590.9624251808809
590.9624251808809
590.9624251808809
590.9624251808809
590.9624251808809
590.9624251808809
590.9624251808809
590.9624251808809
590.9624251808809
590.9624251808809
590.9624251808809
590.9624251808809
590.9624251808809
590.9624251808809
590.9624251808809
590.9624251808809
590.9624251808809
590.9624251808809
590.9624251808809
590.9624251808809
590.9624251808809
590.9624251808809
590.9624251808809
590.9624251808809
590.9624251808809
590.9624251808809
92.06027833428597
590.9624251808809
590.9624251808809
590.9624251808809
590.9624251808809
590.9624251808809
590.9624251808809
92.06027833428597
92.06027833428597
92.06027833428597
92.06027833428597
92.06027833428597
92.06027833428597
92.06027833428597
92.06027833428597
92.06027833428597
92.06027833428597
92.06027833428597
92.06027833428597
92.06027833428597
92.06027833428597
435.6421404912462
92.06027833428597
92.06027833428597
92.06027833428597
92.06027833428597
92.06027833428597
92.06027833428597
92.06027833428597
92.06027833428597
92.06027833428597
92.06027833428597
92.06027833428597
92.06027833428597
92.06027833428597
92.06027833428597
92.06027833428597
92.06027833428597
435.6421404912462
435.6421404912462
435.6421404912462
435.6421404912462
435.6421404912462
92.06027833428597
92.06027833428597
92.06027833428597
92.06027833428597
435.6421404912462
92.06027833428597
92.06027833428597
92.06027833428597
92.06027833428597
92.06027833428597
92.06027833428597
435.6421404912462
92.06027833428597
435.6421404912462
435.6421404912462
92.06027833428597
435.6421404912462
92.06027833428597
435.6421404912462
435.6421404912462
92.06027833428597
435.6421404912462
435.6421404912462
435.6421404912462
435.6421404912462
435.6421404912462
435.6421404912462
92.06027833428597
435.6421404912462
435.6421404912462
435.6421404912462
92.06027833428597
435.6421404912462
435.6421404912462
435.6421404912462
92.06027833428597
435.6421404912462
435.6421404912462
435.6421404912462
435.6421404912462
435.6421404912462
435.6421404912462
435.6421404912462
435.6421404912462
435.6421404912462
435.6421404912462
435.6421404912462
435.6421404912462
435.6421404912462
435.6421404912462
435.6421404912462
435.6421404912462
435.6421404912462
435.6421404912462
435.6421404912462
152.139227240655
435.6421404912462
435.6421404912462
435.6421404912462
152.139227240655
152.139227240655
152.139227240655
435.6421404912462
152.139227240655
152.139227240655
152.139227240655
152.139227240655
152.139227240655
152.139227240655
152.139227240655
152.139227240655
152.139227240655
152.139227240655
152.139227240655
152.139227240655
152.139227240655
152.139227240655
152.139227240655
152.139227240655
152.139227240655
152.139227240655
152.139227240655
152.139227240655
152.139227240655
152.139227240655
152.139227240655
152.139227240655
152.139227240655
152.139227240655
19.73716433033048
152.139227240655
152.139227240655
152.139227240655
152.139227240655
152.139227240655
152.139227240655
152.139227240655
152.139227240655
152.139227240655
152.139227240655
152.139227240655
152.139227240655
19.73716433033048
152.139227240655
19.73716433033048
19.73716433033048
152.139227240655
19.73716433033048
152.139227240655
19.73716433033048
19.73716433033048
152.139227240655
152.139227240655
19.73716433033048
19.73716433033048
19.73716433033048
19.73716433033048
19.73716433033048
152.139227240655
19.73716433033048
19.73716433033048
19.73716433033048
19.73716433033048
19.73716433033048
19.73716433033048
19.73716433033048
19.73716433033048
19.73716433033048
19.73716433033048
19.73716433033048
19.73716433033048
19.73716433033048
19.73716433033048
19.73716433033048
19.73716433033048
19.73716433033048
19.73716433033048
19.73716433033048
19.73716433033048
19.73716433033048
19.73716433033048
19.73716433033048
19.73716433033048
19.73716433033048
19.73716433033048
19.73716433033048
19.73716433033048
19.73716433033048
19.73716433033048
19.73716433033048
19.73716433033048
19.73716433033048
19.73716433033048
19.73716433033048
19.73716433033048
21.75930414876374
21.75930414876374
143.32543383168985
21.75930414876374
143.32543383168985
21.75930414876374
143.32543383168985
21.75930414876374
21.75930414876374
21.75930414876374
143.32543383168985
143.32543383168985
21.75930414876374
143.32543383168985
143.32543383168985
143.32543383168985
21.75930414876374
143.32543383168985
21.75930414876374
21.75930414876374
143.32543383168985
21.75930414876374
143.32543383168985
143.32543383168985
21.75930414876374
21.75930414876374
21.75930414876374
21.75930414876374
143.32543383168985
143.32543383168985
21.75930414876374
143.32543383168985
21.75930414876374
21.75930414876374
143.32543383168985
143.32543383168985
21.75930414876374
21.75930414876374
21.75930414876374
143.32543383168985
21.75930414876374
143.32543383168985
143.32543383168985
143.32543383168985
143.32543383168985
143.32543383168985
21.75930414876374
21.75930414876374
21.75930414876374
143.32543383168985
143.32543383168985
21.75930414876374
143.32543383168985
143.32543383168985
96.06955147730419
21.75930414876374
21.75930414876374
21.75930414876374
143.32543383168985
21.75930414876374
21.75930414876374
143.32543383168985
21.75930414876374
143.32543383168985
96.06955147730419
143.32543383168985
21.75930414876374
21.75930414876374
21.75930414876374
21.75930414876374
143.32543383168985
143.32543383168985
143.32543383168985
96.06955147730419
21.75930414876374
96.06955147730419
143.32543383168985
143.32543383168985
21.75930414876374
21.75930414876374
143.32543383168985
96.06955147730419
21.75930414876374
143.32543383168985
143.32543383168985
96.06955147730419
143.32543383168985
96.06955147730419
21.75930414876374
21.75930414876374
21.75930414876374
96.06955147730419
21.75930414876374
143.32543383168985
96.06955147730419
143.32543383168985
143.32543383168985
143.32543383168985
21.75930414876374
143.32543383168985
21.75930414876374
96.06955147730419
143.32543383168985
96.06955147730419
96.06955147730419
96.06955147730419
96.06955147730419
143.32543383168985
96.06955147730419
21.75930414876374
96.06955147730419
96.06955147730419
143.32543383168985
96.06955147730419
96.06955147730419
96.06955147730419
96.06955147730419
96.06955147730419
96.06955147730419
96.06955147730419
96.06955147730419
96.06955147730419
96.06955147730419
96.06955147730419
96.06955147730419
96.06955147730419
96.06955147730419
96.06955147730419
96.06955147730419
96.06955147730419
96.06955147730419
96.06955147730419
96.06955147730419
96.06955147730419
96.06955147730419
96.06955147730419
96.06955147730419
96.06955147730419
96.06955147730419
96.06955147730419
96.06955147730419
96.06955147730419
96.06955147730419
96.06955147730419
222.1550747084024
222.1550747084024
222.1550747084024
222.1550747084024
222.1550747084024
222.1550747084024
222.1550747084024
222.1550747084024
550.6050252686031
222.1550747084024
550.6050252686031
222.1550747084024
634.4049075980669
222.1550747084024
550.6050252686031
634.4049075980669
550.6050252686031
550.6050252686031
222.1550747084024
318.64608874214014
222.1550747084024
550.6050252686031
222.1550747084024
634.4049075980669
318.64608874214014
222.1550747084024
634.4049075980669
634.4049075980669
634.4049075980669
222.1550747084024
222.1550747084024
318.64608874214014
318.64608874214014
318.64608874214014
550.6050252686031
318.64608874214014
550.6050252686031
222.1550747084024
222.1550747084024
222.1550747084024
550.6050252686031
550.6050252686031
634.4049075980669
634.4049075980669
222.1550747084024
550.6050252686031
222.1550747084024
550.6050252686031
550.6050252686031
634.4049075980669
634.4049075980669
318.64608874214014
318.64608874214014
222.1550747084024
550.6050252686031
550.6050252686031
550.6050252686031
222.1550747084024
634.4049075980669
550.6050252686031
222.1550747084024
318.64608874214014
318.64608874214014
634.4049075980669
222.1550747084024
222.1550747084024
634.4049075980669
222.1550747084024
634.4049075980669
318.64608874214014
222.1550747084024
318.64608874214014
222.1550747084024
550.6050252686031
634.4049075980669
550.6050252686031
634.4049075980669
634.4049075980669
318.64608874214014
318.64608874214014
222.1550747084024
222.1550747084024
550.6050252686031
318.64608874214014
318.64608874214014
318.64608874214014
634.4049075980669
550.6050252686031
550.6050252686031
318.64608874214014
222.1550747084024
634.4049075980669
550.6050252686031
222.1550747084024
550.6050252686031
550.6050252686031
550.6050252686031
222.1550747084024
634.4049075980669
318.64608874214014
222.1550747084024
222.1550747084024
634.4049075980669
550.6050252686031
550.6050252686031
634.4049075980669
634.4049075980669
634.4049075980669
634.4049075980669
550.6050252686031
222.1550747084024
193.38092360582337
193.38092360582337
634.4049075980669
634.4049075980669
318.64608874214014
550.6050252686031
634.4049075980669
318.64608874214014
318.64608874214014
318.64608874214014
222.1550747084024
550.6050252686031
193.38092360582337
193.38092360582337
318.64608874214014
318.64608874214014
318.64608874214014
634.4049075980669
634.4049075980669
318.64608874214014
193.38092360582337
634.4049075980669
318.64608874214014
550.6050252686031
222.1550747084024
222.1550747084024
550.6050252686031
550.6050252686031
193.38092360582337
318.64608874214014
222.1550747084024
222.1550747084024
318.64608874214014
222.1550747084024
634.4049075980669
550.6050252686031
550.6050252686031
222.1550747084024
193.38092360582337
634.4049075980669
318.64608874214014
193.38092360582337
318.64608874214014
318.64608874214014
634.4049075980669
550.6050252686031
634.4049075980669
193.38092360582337
550.6050252686031
634.4049075980669
193.38092360582337
550.6050252686031
193.38092360582337
550.6050252686031
193.38092360582337
222.1550747084024
550.6050252686031
634.4049075980669
318.64608874214014
634.4049075980669
634.4049075980669
318.64608874214014
318.64608874214014
222.1550747084024
193.38092360582337
634.4049075980669
318.64608874214014
193.38092360582337
634.4049075980669
550.6050252686031
318.64608874214014
318.64608874214014
634.4049075980669
550.6050252686031
550.6050252686031
318.64608874214014
318.64608874214014
550.6050252686031
222.1550747084024
193.38092360582337
634.4049075980669
193.38092360582337
550.6050252686031
318.64608874214014
634.4049075980669
634.4049075980669
624.4773116245173
193.38092360582337
193.38092360582337
318.64608874214014
193.38092360582337
634.4049075980669
193.38092360582337
318.64608874214014
624.4773116245173
318.64608874214014
624.4773116245173
624.4773116245173
318.64608874214014
550.6050252686031
193.38092360582337
193.38092360582337
193.38092360582337
624.4773116245173
193.38092360582337
634.4049075980669
193.38092360582337
193.38092360582337
193.38092360582337
624.4773116245173
193.38092360582337
550.6050252686031
193.38092360582337
193.38092360582337
624.4773116245173
193.38092360582337
318.64608874214014
624.4773116245173
624.4773116245173
193.38092360582337
193.38092360582337
193.38092360582337
624.4773116245173
624.4773116245173
624.4773116245173
624.4773116245173
624.4773116245173
193.38092360582337
634.4049075980669
624.4773116245173
193.38092360582337
193.38092360582337
193.38092360582337
193.38092360582337
624.4773116245173
318.64608874214014
624.4773116245173
196.7533881162571
624.4773116245173
196.7533881162571
196.7533881162571
193.38092360582337
196.7533881162571
193.38092360582337
196.7533881162571
193.38092360582337
196.7533881162571
624.4773116245173
196.7533881162571
193.38092360582337
624.4773116245173
624.4773116245173
624.4773116245173
624.4773116245173
193.38092360582337
193.38092360582337
196.7533881162571
193.38092360582337
196.7533881162571
196.7533881162571
196.7533881162571
196.7533881162571
624.4773116245173
196.7533881162571
624.4773116245173
624.4773116245173
624.4773116245173
624.4773116245173
624.4773116245173
193.38092360582337
624.4773116245173
624.4773116245173
624.4773116245173
624.4773116245173
196.7533881162571
624.4773116245173
196.7533881162571
196.7533881162571
624.4773116245173
624.4773116245173
624.4773116245173
196.7533881162571
624.4773116245173
624.4773116245173
624.4773116245173
624.4773116245173
196.7533881162571
196.7533881162571
196.7533881162571
196.7533881162571
196.7533881162571
196.7533881162571
624.4773116245173
196.7533881162571
196.7533881162571
193.38092360582337
196.7533881162571
196.7533881162571
196.7533881162571
624.4773116245173
624.4773116245173
196.7533881162571
624.4773116245173
196.7533881162571
196.7533881162571
196.7533881162571
196.7533881162571
624.4773116245173
624.4773116245173
196.7533881162571
196.7533881162571
196.7533881162571
196.7533881162571
196.7533881162571
196.7533881162571
196.7533881162571
196.7533881162571
196.7533881162571
196.7533881162571
196.7533881162571
624.4773116245173
196.7533881162571
196.7533881162571
196.7533881162571