P:39 ku:0.4 kw:0.9 ka:0.0 kd:0.0 N:10000 F:336 KMC:1000 
66.90448892569646
66.90448892569646
66.90448892569646
66.90448892569646
66.90448892569646
66.90448892569646
66.90448892569646
66.90448892569646
66.90448892569646
66.90448892569646
66.90448892569646
66.90448892569646
66.90448892569646
66.90448892569646
66.90448892569646
66.90448892569646
66.90448892569646
66.90448892569646
66.90448892569646
66.90448892569646
66.90448892569646
66.90448892569646
66.90448892569646
66.90448892569646
66.90448892569646
66.90448892569646
66.90448892569646
66.90448892569646
66.90448892569646
66.90448892569646
66.90448892569646
66.90448892569646
66.90448892569646
66.90448892569646
66.90448892569646
66.90448892569646
66.90448892569646
66.90448892569646
66.90448892569646
66.90448892569646
66.90448892569646
66.90448892569646
66.90448892569646
66.90448892569646
66.90448892569646
66.90448892569646
66.90448892569646
66.90448892569646
444.472140161807
444.472140161807
444.472140161807
444.472140161807
444.472140161807
444.472140161807
444.472140161807
444.472140161807
444.472140161807
444.472140161807
444.472140161807
444.472140161807
444.472140161807
444.472140161807
444.472140161807
444.472140161807
444.472140161807
444.472140161807
444.472140161807
444.472140161807
444.472140161807
444.472140161807
444.472140161807
444.472140161807
444.472140161807
444.472140161807
444.472140161807
444.472140161807
444.472140161807
444.472140161807
444.472140161807
444.472140161807
444.472140161807
444.472140161807
444.472140161807
444.472140161807
444.472140161807
444.472140161807
444.472140161807
444.472140161807
444.472140161807
444.472140161807
444.472140161807
444.472140161807
444.472140161807
444.472140161807
444.472140161807
444.472140161807
191.87906058753248
191.87906058753248
191.87906058753248
191.87906058753248
191.87906058753248
191.87906058753248
191.87906058753248
191.87906058753248
191.87906058753248
191.87906058753248
191.87906058753248
191.87906058753248
191.87906058753248
191.87906058753248
191.87906058753248
191.87906058753248
191.87906058753248
191.87906058753248
191.87906058753248
191.87906058753248
191.87906058753248
191.87906058753248
191.87906058753248
191.87906058753248
191.87906058753248
191.87906058753248
191.87906058753248
191.87906058753248
191.87906058753248
191.87906058753248
191.87906058753248
191.87906058753248
191.87906058753248
191.87906058753248
191.87906058753248
191.87906058753248
191.87906058753248
191.87906058753248
191.87906058753248
191.87906058753248
191.87906058753248
191.87906058753248
191.87906058753248
191.87906058753248
191.87906058753248
191.87906058753248
191.87906058753248
191.87906058753248
646.2400744483162
646.2400744483162
646.2400744483162
646.2400744483162
646.2400744483162
646.2400744483162
646.2400744483162
646.2400744483162
646.2400744483162
646.2400744483162
646.2400744483162
646.2400744483162
646.2400744483162
646.2400744483162
646.2400744483162
646.2400744483162
646.2400744483162
646.2400744483162
646.2400744483162
646.2400744483162
646.2400744483162
646.2400744483162
646.2400744483162
646.2400744483162
646.2400744483162
646.2400744483162
646.2400744483162
646.2400744483162
646.2400744483162
646.2400744483162
646.2400744483162
646.2400744483162
646.2400744483162
646.2400744483162
646.2400744483162
646.2400744483162
646.2400744483162
646.2400744483162
646.2400744483162
646.2400744483162
646.2400744483162
646.2400744483162
646.2400744483162
646.2400744483162
646.2400744483162
646.2400744483162
646.2400744483162
646.2400744483162
321.6126676094143
321.6126676094143
321.6126676094143
321.6126676094143
321.6126676094143
321.6126676094143
321.6126676094143
321.6126676094143
321.6126676094143
321.6126676094143
321.6126676094143
321.6126676094143
321.6126676094143
321.6126676094143
321.6126676094143
321.6126676094143
321.6126676094143
321.6126676094143
321.6126676094143
321.6126676094143
321.6126676094143
321.6126676094143
321.6126676094143
321.6126676094143
321.6126676094143
321.6126676094143
321.6126676094143
321.6126676094143
321.6126676094143
321.6126676094143
321.6126676094143
321.6126676094143
321.6126676094143
321.6126676094143
321.6126676094143
321.6126676094143
321.6126676094143
321.6126676094143
321.6126676094143
321.6126676094143
321.6126676094143
321.6126676094143
321.6126676094143
321.6126676094143
321.6126676094143
321.6126676094143
321.6126676094143
321.6126676094143
167.8047706957988
167.8047706957988
167.8047706957988
167.8047706957988
167.8047706957988
167.8047706957988
167.8047706957988
167.8047706957988
167.8047706957988
167.8047706957988
167.8047706957988
167.8047706957988
167.8047706957988
167.8047706957988
167.8047706957988
167.8047706957988
167.8047706957988
167.8047706957988
167.8047706957988
167.8047706957988
167.8047706957988
167.8047706957988
167.8047706957988
167.8047706957988
167.8047706957988
167.8047706957988
167.8047706957988
167.8047706957988
167.8047706957988
167.8047706957988
167.8047706957988
167.8047706957988
167.8047706957988
167.8047706957988
167.8047706957988
167.8047706957988
167.8047706957988
167.8047706957988
167.8047706957988
167.8047706957988
167.8047706957988
167.8047706957988
167.8047706957988
167.8047706957988
167.8047706957988
59.723400443351444
167.8047706957988
167.8047706957988
59.723400443351444
59.723400443351444
59.723400443351444
59.723400443351444
59.723400443351444
167.8047706957988
59.723400443351444
59.723400443351444
59.723400443351444
59.723400443351444
59.723400443351444
59.723400443351444
59.723400443351444
59.723400443351444
59.723400443351444
59.723400443351444
59.723400443351444
59.723400443351444
59.723400443351444
59.723400443351444
59.723400443351444
59.723400443351444
59.723400443351444
59.723400443351444
59.723400443351444
59.723400443351444
59.723400443351444
59.723400443351444
59.723400443351444
59.723400443351444
59.723400443351444
59.723400443351444
59.723400443351444
59.723400443351444
59.723400443351444
59.723400443351444
59.723400443351444
59.723400443351444
59.723400443351444
59.723400443351444
59.723400443351444
59.723400443351444
59.723400443351444
59.723400443351444
59.723400443351444
59.723400443351444
59.723400443351444
59.723400443351444