P:40 ku:0.4 kw:1.0 ka:0.0 kd:0.0 N:10000 F:240 KMC:1000 
308.8406351901082
308.8406351901082
308.8406351901082
308.8406351901082
308.8406351901082
308.8406351901082
308.8406351901082
308.8406351901082
308.8406351901082
308.8406351901082
308.8406351901082
308.8406351901082
308.8406351901082
308.8406351901082
308.8406351901082
308.8406351901082
308.8406351901082
308.8406351901082
308.8406351901082
308.8406351901082
308.8406351901082
308.8406351901082
308.8406351901082
308.8406351901082
308.8406351901082
308.8406351901082
308.8406351901082
308.8406351901082
308.8406351901082
308.8406351901082
308.8406351901082
308.8406351901082
308.8406351901082
308.8406351901082
308.8406351901082
308.8406351901082
308.8406351901082
308.8406351901082
308.8406351901082
308.8406351901082
308.8406351901082
308.8406351901082
308.8406351901082
308.8406351901082
308.8406351901082
308.8406351901082
308.8406351901082
308.8406351901082
269.38799860152915
269.38799860152915
269.38799860152915
269.38799860152915
269.38799860152915
269.38799860152915
269.38799860152915
269.38799860152915
269.38799860152915
269.38799860152915
269.38799860152915
269.38799860152915
269.38799860152915
269.38799860152915
269.38799860152915
269.38799860152915
269.38799860152915
269.38799860152915
269.38799860152915
269.38799860152915
269.38799860152915
269.38799860152915
269.38799860152915
269.38799860152915
269.38799860152915
205.92272737534913
269.38799860152915
269.38799860152915
269.38799860152915
269.38799860152915
269.38799860152915
269.38799860152915
269.38799860152915
205.92272737534913
269.38799860152915
269.38799860152915
269.38799860152915
269.38799860152915
269.38799860152915
269.38799860152915
269.38799860152915
205.92272737534913
269.38799860152915
269.38799860152915
269.38799860152915
205.92272737534913
269.38799860152915
205.92272737534913
269.38799860152915
205.92272737534913
269.38799860152915
205.92272737534913
205.92272737534913
269.38799860152915
205.92272737534913
205.92272737534913
269.38799860152915
205.92272737534913
205.92272737534913
205.92272737534913
269.38799860152915
205.92272737534913
205.92272737534913
205.92272737534913
205.92272737534913
205.92272737534913
205.92272737534913
205.92272737534913
205.92272737534913
205.92272737534913
205.92272737534913
205.92272737534913
205.92272737534913
205.92272737534913
205.92272737534913
205.92272737534913
205.92272737534913
205.92272737534913
205.92272737534913
205.92272737534913
205.92272737534913
205.92272737534913
205.92272737534913
205.92272737534913
205.92272737534913
205.92272737534913
205.92272737534913
205.92272737534913
205.92272737534913
205.92272737534913
205.92272737534913
205.92272737534913
205.92272737534913
205.92272737534913
205.92272737534913
205.92272737534913
426.625081144381
426.625081144381
426.625081144381
426.625081144381
426.625081144381
426.625081144381
426.625081144381
426.625081144381
426.625081144381
426.625081144381
426.625081144381
426.625081144381
426.625081144381
426.625081144381
426.625081144381
426.625081144381
426.625081144381
426.625081144381
221.09600988820043
221.09600988820043
426.625081144381
426.625081144381
426.625081144381
426.625081144381
426.625081144381
426.625081144381
426.625081144381
426.625081144381
426.625081144381
426.625081144381
426.625081144381
426.625081144381
426.625081144381
426.625081144381
221.09600988820043
426.625081144381
426.625081144381
221.09600988820043
221.09600988820043
426.625081144381
221.09600988820043
426.625081144381
426.625081144381
221.09600988820043
426.625081144381
426.625081144381
221.09600988820043
426.625081144381
221.09600988820043
221.09600988820043
426.625081144381
221.09600988820043
426.625081144381
221.09600988820043
426.625081144381
426.625081144381
221.09600988820043
221.09600988820043
221.09600988820043
221.09600988820043
426.625081144381
221.09600988820043
221.09600988820043
221.09600988820043
426.625081144381
221.09600988820043
221.09600988820043
221.09600988820043
221.09600988820043
221.09600988820043
221.09600988820043
426.625081144381
221.09600988820043
221.09600988820043
221.09600988820043
221.09600988820043
221.09600988820043
221.09600988820043
221.09600988820043
221.09600988820043
221.09600988820043
426.625081144381
221.09600988820043
221.09600988820043
221.09600988820043
221.09600988820043
221.09600988820043
221.09600988820043
221.09600988820043
221.09600988820043
221.09600988820043
221.09600988820043
221.09600988820043
221.09600988820043
221.09600988820043
221.09600988820043