P:48 ku:0.5 kw:0.8 ka:0.0 kd:0.0 N:10000 F:4285 KMC:1000 
90.08125472288168
90.08125472288168
90.08125472288168
90.08125472288168
90.08125472288168
90.08125472288168
90.08125472288168
90.08125472288168
90.08125472288168
90.08125472288168
90.08125472288168
90.08125472288168
90.08125472288168
90.08125472288168
90.08125472288168
90.08125472288168
90.08125472288168
90.08125472288168
90.08125472288168
90.08125472288168
90.08125472288168
90.08125472288168
90.08125472288168
90.08125472288168
90.08125472288168
90.08125472288168
90.08125472288168
90.08125472288168
90.08125472288168
90.08125472288168
90.08125472288168
90.08125472288168
90.08125472288168
90.08125472288168
90.08125472288168
90.08125472288168
90.08125472288168
90.08125472288168
90.08125472288168
90.08125472288168
90.08125472288168
90.08125472288168
90.08125472288168
90.08125472288168
90.08125472288168
90.08125472288168
90.08125472288168
90.08125472288168
152.68335420674163
152.68335420674163
11.405343761158882
11.405343761158882
152.68335420674163
11.405343761158882
152.68335420674163
152.68335420674163
152.68335420674163
152.68335420674163
11.405343761158882
152.68335420674163
152.68335420674163
11.405343761158882
152.68335420674163
152.68335420674163
11.405343761158882
11.405343761158882
152.68335420674163
152.68335420674163
152.68335420674163
11.405343761158882
11.405343761158882
11.405343761158882
152.68335420674163
11.405343761158882
152.68335420674163
152.68335420674163
152.68335420674163
11.405343761158882
152.68335420674163
152.68335420674163
152.68335420674163
11.405343761158882
152.68335420674163
11.405343761158882
152.68335420674163
152.68335420674163
152.68335420674163
11.405343761158882
11.405343761158882
152.68335420674163
152.68335420674163
152.68335420674163
11.405343761158882
11.405343761158882
152.68335420674163
11.405343761158882
152.68335420674163
152.68335420674163
512.8748044728696
11.405343761158882
11.405343761158882
152.68335420674163
152.68335420674163
11.405343761158882
11.405343761158882
11.405343761158882
11.405343761158882
11.405343761158882
11.405343761158882
11.405343761158882
11.405343761158882
11.405343761158882
11.405343761158882
11.405343761158882
11.405343761158882
152.68335420674163
11.405343761158882
152.68335420674163
11.405343761158882
152.68335420674163
152.68335420674163
152.68335420674163
11.405343761158882
152.68335420674163
11.405343761158882
11.405343761158882
11.405343761158882
152.68335420674163
512.8748044728696
152.68335420674163
11.405343761158882
391.843146121125
152.68335420674163
11.405343761158882
152.68335420674163
152.68335420674163
512.8748044728696
11.405343761158882
11.405343761158882
11.405343761158882
512.8748044728696
152.68335420674163
11.405343761158882
152.68335420674163
512.8748044728696
512.8748044728696
512.8748044728696
152.68335420674163
11.405343761158882
512.8748044728696
512.8748044728696
512.8748044728696
512.8748044728696
512.8748044728696
11.405343761158882
512.8748044728696
391.843146121125
391.843146121125
512.8748044728696
512.8748044728696
512.8748044728696
391.843146121125
512.8748044728696
512.8748044728696
512.8748044728696
512.8748044728696
512.8748044728696
512.8748044728696
512.8748044728696
391.843146121125
152.68335420674163
512.8748044728696
391.843146121125
512.8748044728696
512.8748044728696
512.8748044728696
512.8748044728696
391.843146121125
512.8748044728696
512.8748044728696
512.8748044728696
512.8748044728696
512.8748044728696
512.8748044728696
512.8748044728696
391.843146121125
512.8748044728696
512.8748044728696
512.8748044728696
11.405343761158882
512.8748044728696
512.8748044728696
391.843146121125
391.843146121125
391.843146121125
391.843146121125
391.843146121125
512.8748044728696
512.8748044728696
391.843146121125
512.8748044728696
391.843146121125
391.843146121125
391.843146121125
391.843146121125
391.843146121125
391.843146121125
391.843146121125
512.8748044728696
391.843146121125
512.8748044728696
391.843146121125
391.843146121125
391.843146121125
391.843146121125
391.843146121125
512.8748044728696
391.843146121125
391.843146121125
391.843146121125
391.843146121125
391.843146121125
391.843146121125
391.843146121125
391.843146121125
391.843146121125
308.5471719660512
391.843146121125
512.8748044728696
391.843146121125
391.843146121125
391.843146121125
391.843146121125
391.843146121125
391.843146121125
391.843146121125
308.5471719660512
512.8748044728696
152.56317715713237
391.843146121125
152.56317715713237
348.1009624609411
308.5471719660512
391.843146121125
308.5471719660512
308.5471719660512
308.5471719660512
348.1009624609411
152.56317715713237
308.5471719660512
308.5471719660512
391.843146121125
308.5471719660512
106.09003812814281
152.56317715713237
391.843146121125
152.56317715713237
152.56317715713237
308.5471719660512
348.1009624609411
152.56317715713237
308.5471719660512
348.1009624609411
152.56317715713237
308.5471719660512
348.1009624609411
152.56317715713237
348.1009624609411
152.56317715713237
308.5471719660512
308.5471719660512
308.5471719660512
308.5471719660512
348.1009624609411
348.1009624609411
308.5471719660512
152.56317715713237
152.56317715713237
308.5471719660512
308.5471719660512
308.5471719660512
308.5471719660512
308.5471719660512
348.1009624609411
308.5471719660512
308.5471719660512
308.5471719660512
308.5471719660512
348.1009624609411
106.09003812814281
308.5471719660512
152.56317715713237
152.56317715713237
308.5471719660512
106.09003812814281
348.1009624609411
152.56317715713237
106.09003812814281
152.56317715713237
308.5471719660512
152.56317715713237
152.56317715713237
308.5471719660512
152.56317715713237
308.5471719660512
152.56317715713237
348.1009624609411
152.56317715713237
308.5471719660512
106.09003812814281
106.09003812814281
308.5471719660512
152.56317715713237
152.56317715713237
348.1009624609411
308.5471719660512
308.5471719660512
152.56317715713237
152.56317715713237
106.09003812814281
308.5471719660512
152.56317715713237
308.5471719660512
308.5471719660512
152.56317715713237
308.5471719660512
348.1009624609411
152.56317715713237
348.1009624609411
152.56317715713237
348.1009624609411
152.56317715713237
152.56317715713237
152.56317715713237
308.5471719660512
308.5471719660512
106.09003812814281
106.09003812814281
152.56317715713237
308.5471719660512
348.1009624609411
152.56317715713237
348.1009624609411
152.56317715713237
348.1009624609411
308.5471719660512
348.1009624609411
348.1009624609411
152.56317715713237
348.1009624609411
152.56317715713237
152.56317715713237
348.1009624609411
348.1009624609411
308.5471719660512
152.56317715713237
348.1009624609411
348.1009624609411
152.56317715713237
348.1009624609411
348.1009624609411
152.56317715713237
348.1009624609411
106.09003812814281
348.1009624609411
308.5471719660512
152.56317715713237
348.1009624609411
348.1009624609411
348.1009624609411
348.1009624609411
152.56317715713237
106.09003812814281
348.1009624609411
348.1009624609411
152.56317715713237
106.09003812814281
106.09003812814281
348.1009624609411
308.5471719660512
348.1009624609411
348.1009624609411
348.1009624609411
106.09003812814281
308.5471719660512
348.1009624609411
106.09003812814281
254.9771752920836
152.56317715713237
106.09003812814281
348.1009624609411
106.09003812814281
348.1009624609411
106.09003812814281
308.5471719660512
106.09003812814281
348.1009624609411
152.56317715713237
106.09003812814281
106.09003812814281
106.09003812814281
254.9771752920836
106.09003812814281
152.56317715713237
106.09003812814281
254.9771752920836
106.09003812814281
348.1009624609411
106.09003812814281
106.09003812814281
106.09003812814281
106.09003812814281
106.09003812814281
254.9771752920836
152.56317715713237
106.09003812814281
106.09003812814281
106.09003812814281
106.09003812814281
106.09003812814281
348.1009624609411
254.9771752920836
106.09003812814281
106.09003812814281
254.9771752920836
106.09003812814281
18.91320200646568
18.91320200646568
106.09003812814281
106.09003812814281
106.09003812814281
106.09003812814281
254.9771752920836
106.09003812814281
348.1009624609411
18.91320200646568
348.1009624609411
254.9771752920836
106.09003812814281
18.91320200646568
106.09003812814281
254.9771752920836
254.9771752920836
18.91320200646568
254.9771752920836
106.09003812814281
254.9771752920836
18.91320200646568
106.09003812814281
254.9771752920836
18.91320200646568
254.9771752920836
18.91320200646568
106.09003812814281
254.9771752920836
18.91320200646568
254.9771752920836
254.9771752920836
141.18445393359326
254.9771752920836
254.9771752920836
18.91320200646568
254.9771752920836
141.18445393359326
254.9771752920836
254.9771752920836
254.9771752920836
254.9771752920836
254.9771752920836
254.9771752920836
254.9771752920836
18.91320200646568
141.18445393359326
254.9771752920836
254.9771752920836
197.98481749657375
254.9771752920836
18.91320200646568
254.9771752920836
197.98481749657375
18.91320200646568
18.91320200646568
18.91320200646568
254.9771752920836
18.91320200646568
254.9771752920836
141.18445393359326
254.9771752920836
18.91320200646568
254.9771752920836
18.91320200646568
254.9771752920836
111.25510012545168
254.9771752920836
141.18445393359326
254.9771752920836
234.8240858661879
197.98481749657375
18.91320200646568
18.91320200646568
254.9771752920836
141.18445393359326
254.9771752920836
18.91320200646568
18.91320200646568
141.18445393359326
18.91320200646568
18.91320200646568
254.9771752920836
18.91320200646568
141.18445393359326
254.9771752920836
18.91320200646568
254.9771752920836
18.91320200646568
18.91320200646568
18.91320200646568
197.98481749657375
111.25510012545168
197.98481749657375
254.9771752920836
197.98481749657375
141.18445393359326
254.9771752920836
18.91320200646568
18.91320200646568
18.91320200646568
18.91320200646568
18.91320200646568
156.0092420259106
197.98481749657375
141.18445393359326
18.91320200646568
18.91320200646568
18.91320200646568
18.91320200646568
141.18445393359326
234.8240858661879
18.91320200646568
18.91320200646568
141.18445393359326
111.25510012545168
197.98481749657375
111.25510012545168
111.25510012545168
18.91320200646568
111.25510012545168
197.98481749657375
111.25510012545168
254.9771752920836
234.8240858661879
141.18445393359326
141.18445393359326
132.8859003901279
18.91320200646568
18.91320200646568
156.0092420259106
197.98481749657375
401.3873498434553
111.25510012545168
141.18445393359326
197.98481749657375
141.18445393359326
156.0092420259106
254.9771752920836
18.91320200646568
141.18445393359326
111.25510012545168
197.98481749657375
234.8240858661879
141.18445393359326
234.8240858661879
234.8240858661879
197.98481749657375
197.98481749657375
234.8240858661879
197.98481749657375
156.0092420259106
132.8859003901279
141.18445393359326
141.18445393359326
141.18445393359326
18.91320200646568
141.18445393359326
141.18445393359326
111.25510012545168
234.8240858661879
197.98481749657375
197.98481749657375
132.8859003901279
141.18445393359326
141.18445393359326
111.25510012545168
141.18445393359326
197.98481749657375
111.25510012545168
234.8240858661879
156.0092420259106
141.18445393359326
141.18445393359326
111.25510012545168
111.25510012545168
141.18445393359326
197.98481749657375
254.9771752920836
111.25510012545168
111.25510012545168
156.0092420259106
141.18445393359326
132.8859003901279
197.98481749657375
291.5390934401154
401.3873498434553
197.98481749657375
197.98481749657375
197.98481749657375
197.98481749657375
234.8240858661879
141.18445393359326
197.98481749657375
156.0092420259106
141.18445393359326
197.98481749657375
18.91320200646568
18.91320200646568
141.18445393359326
197.98481749657375
401.3873498434553
111.25510012545168
132.8859003901279
111.25510012545168
234.8240858661879
197.98481749657375
111.25510012545168
141.18445393359326
141.18445393359326
234.8240858661879
111.25510012545168
197.98481749657375
234.8240858661879
132.8859003901279
234.8240858661879
141.18445393359326
234.8240858661879
197.98481749657375
111.25510012545168
111.25510012545168
111.25510012545168
111.25510012545168
141.18445393359326
141.18445393359326
111.25510012545168
156.0092420259106
145.705917763081
111.25510012545168
111.25510012545168
401.3873498434553
141.18445393359326
156.0092420259106
197.98481749657375
132.8859003901279
234.8240858661879
197.98481749657375
156.0092420259106
141.18445393359326
401.3873498434553
156.0092420259106
141.18445393359326
234.8240858661879
234.8240858661879
156.0092420259106
111.25510012545168
156.0092420259106
234.8240858661879
197.98481749657375
234.8240858661879
197.98481749657375
156.0092420259106
141.18445393359326
156.0092420259106
156.0092420259106
197.98481749657375
197.98481749657375
111.25510012545168
141.18445393359326
141.18445393359326
111.25510012545168
234.8240858661879
197.98481749657375
132.8859003901279
197.98481749657375
234.8240858661879
111.25510012545168
234.8240858661879
234.8240858661879
141.18445393359326
197.98481749657375
111.25510012545168
156.0092420259106
197.98481749657375
111.25510012545168
132.8859003901279
197.98481749657375
156.0092420259106
132.8859003901279
132.8859003901279
156.0092420259106
197.98481749657375
234.8240858661879
156.0092420259106
234.8240858661879
401.3873498434553
401.3873498434553
156.0092420259106
111.25510012545168
132.8859003901279
141.18445393359326
234.8240858661879
132.8859003901279
111.25510012545168
156.0092420259106
141.18445393359326
197.98481749657375
291.5390934401154
197.98481749657375
234.8240858661879
197.98481749657375
156.0092420259106
111.25510012545168
111.25510012545168
156.0092420259106
234.8240858661879
132.8859003901279
401.3873498434553
234.8240858661879
291.5390934401154
156.0092420259106
18.91320200646568
111.25510012545168
234.8240858661879
111.25510012545168
132.8859003901279
132.8859003901279
132.8859003901279
132.8859003901279
401.3873498434553
100.99071681042824
234.8240858661879
111.25510012545168
26.923828973840127
156.0092420259106
401.3873498434553
111.25510012545168
156.0092420259106
132.8859003901279
401.3873498434553
132.8859003901279
156.0092420259106
197.98481749657375
234.8240858661879
401.3873498434553
132.8859003901279
234.8240858661879
132.8859003901279
156.0092420259106
291.5390934401154
111.25510012545168
340.75856846811325
145.705917763081
401.3873498434553
291.5390934401154
132.8859003901279
401.3873498434553
197.98481749657375
234.8240858661879
234.8240858661879
156.0092420259106
132.8859003901279
132.8859003901279
156.0092420259106
156.0092420259106
145.705917763081
234.8240858661879
156.0092420259106
234.8240858661879
401.3873498434553
401.3873498434553
132.8859003901279
111.25510012545168
132.8859003901279
132.8859003901279
401.3873498434553
111.25510012545168
132.8859003901279
111.25510012545168
234.8240858661879
234.8240858661879
234.8240858661879
132.8859003901279
291.5390934401154
145.705917763081
401.3873498434553
156.0092420259106
234.8240858661879
156.0092420259106
401.3873498434553
401.3873498434553
291.5390934401154
291.5390934401154
111.25510012545168
132.8859003901279
401.3873498434553
132.8859003901279
156.0092420259106
156.0092420259106
111.25510012545168
145.705917763081
145.705917763081
401.3873498434553
401.3873498434553
291.5390934401154
234.8240858661879
234.8240858661879
401.3873498434553
156.0092420259106
401.3873498434553
156.0092420259106
156.0092420259106
145.705917763081
234.8240858661879
401.3873498434553
291.5390934401154
156.0092420259106
132.8859003901279
156.0092420259106
100.99071681042824
132.8859003901279
401.3873498434553
132.8859003901279
401.3873498434553
132.8859003901279
234.8240858661879
132.8859003901279
401.3873498434553
156.0092420259106
234.8240858661879
145.705917763081
401.3873498434553
145.705917763081
156.0092420259106
156.0092420259106
100.99071681042824
132.8859003901279
132.8859003901279
132.8859003901279
401.3873498434553
132.8859003901279
291.5390934401154
156.0092420259106
26.923828973840127
100.99071681042824
401.3873498434553
132.8859003901279
26.923828973840127
291.5390934401154
132.8859003901279
100.99071681042824
291.5390934401154
145.705917763081
401.3873498434553
291.5390934401154
340.75856846811325
401.3873498434553
145.705917763081
291.5390934401154
291.5390934401154
401.3873498434553
132.8859003901279
26.923828973840127
145.705917763081
291.5390934401154
132.8859003901279
291.5390934401154
291.5390934401154
401.3873498434553
401.3873498434553
401.3873498434553
26.923828973840127
291.5390934401154
291.5390934401154
145.705917763081
145.705917763081
340.75856846811325
291.5390934401154
100.99071681042824
156.0092420259106
291.5390934401154
401.3873498434553
145.705917763081
401.3873498434553
291.5390934401154
401.3873498434553
26.923828973840127
291.5390934401154
291.5390934401154
145.705917763081
100.99071681042824
145.705917763081
401.3873498434553
291.5390934401154
145.705917763081
145.705917763081
141.18445393359326
197.98481749657375
145.705917763081
401.3873498434553
100.99071681042824
26.923828973840127
132.8859003901279
145.705917763081
145.705917763081
401.3873498434553
132.8859003901279
145.705917763081
291.5390934401154
145.705917763081
340.75856846811325
26.923828973840127
145.705917763081
291.5390934401154
340.75856846811325
291.5390934401154
291.5390934401154
145.705917763081
145.705917763081
100.99071681042824
291.5390934401154
100.99071681042824
401.3873498434553
26.923828973840127
100.99071681042824
100.99071681042824
100.99071681042824
291.5390934401154
26.923828973840127
100.99071681042824
26.923828973840127
291.5390934401154
145.705917763081
401.3873498434553
340.75856846811325
291.5390934401154
401.3873498434553
100.99071681042824
100.99071681042824
340.75856846811325
145.705917763081
26.923828973840127
145.705917763081
291.5390934401154
340.75856846811325
145.705917763081
26.923828973840127
111.25510012545168
26.923828973840127
100.99071681042824
100.99071681042824
26.923828973840127
26.923828973840127
145.705917763081
291.5390934401154
100.99071681042824
26.923828973840127
26.923828973840127
340.75856846811325
145.705917763081
100.99071681042824
340.75856846811325
100.99071681042824
26.923828973840127
291.5390934401154
145.705917763081
145.705917763081
291.5390934401154
291.5390934401154
291.5390934401154
291.5390934401154
100.99071681042824
26.923828973840127
291.5390934401154
26.923828973840127
340.75856846811325
340.75856846811325
26.923828973840127
82.22069245756978
100.99071681042824
26.923828973840127
340.75856846811325
340.75856846811325
340.75856846811325
100.99071681042824
26.923828973840127
340.75856846811325
340.75856846811325
340.75856846811325
145.705917763081
340.75856846811325
100.99071681042824
145.705917763081
145.705917763081
100.99071681042824
100.99071681042824
145.705917763081
291.5390934401154
26.923828973840127
145.705917763081
291.5390934401154
145.705917763081
100.99071681042824
145.705917763081
145.705917763081
100.99071681042824
291.5390934401154
340.75856846811325
340.75856846811325
340.75856846811325
340.75856846811325
26.923828973840127
291.5390934401154
340.75856846811325
26.923828973840127
100.99071681042824
26.923828973840127
26.923828973840127
100.99071681042824
26.923828973840127
100.99071681042824
340.75856846811325
26.923828973840127
145.705917763081
234.8240858661879
340.75856846811325
156.0092420259106
100.99071681042824
100.99071681042824
145.705917763081
340.75856846811325
340.75856846811325
100.99071681042824
26.923828973840127
145.705917763081
100.99071681042824
394.3312493059397
340.75856846811325
340.75856846811325
82.22069245756978
100.99071681042824
100.99071681042824
26.923828973840127
26.923828973840127
100.99071681042824
100.99071681042824
82.22069245756978
132.8859003901279
340.75856846811325
100.99071681042824
100.99071681042824
26.923828973840127
340.75856846811325
379.81706562249406
145.705917763081
26.923828973840127
26.923828973840127
340.75856846811325
26.923828973840127
100.99071681042824
26.923828973840127
26.923828973840127
340.75856846811325
340.75856846811325
26.923828973840127
82.22069245756978
401.3873498434553
100.99071681042824
26.923828973840127
100.99071681042824
26.923828973840127
26.923828973840127
26.923828973840127
100.99071681042824
340.75856846811325
340.75856846811325
340.75856846811325
340.75856846811325
340.75856846811325
340.75856846811325
94.93248722432205
82.22069245756978
82.22069245756978
340.75856846811325
26.923828973840127
100.99071681042824
26.923828973840127
340.75856846811325
394.3312493059397
291.5390934401154
340.75856846811325
340.75856846811325
82.22069245756978
340.75856846811325
82.22069245756978
394.3312493059397
340.75856846811325
145.705917763081
82.22069245756978
82.22069245756978
82.22069245756978
82.22069245756978
379.81706562249406
82.22069245756978
82.22069245756978
379.81706562249406
94.93248722432205
394.3312493059397
94.93248722432205
82.22069245756978
394.3312493059397
82.22069245756978
82.22069245756978
82.22069245756978
82.22069245756978
82.22069245756978
394.3312493059397
394.3312493059397
82.22069245756978
82.22069245756978
82.22069245756978
82.22069245756978
100.99071681042824
26.923828973840127
82.22069245756978
394.3312493059397
379.81706562249406
379.81706562249406
82.22069245756978
82.22069245756978
394.3312493059397
394.3312493059397
82.22069245756978
94.93248722432205
379.81706562249406
94.93248722432205
82.22069245756978
82.22069245756978
394.3312493059397
82.22069245756978
394.3312493059397
379.81706562249406
394.3312493059397
394.3312493059397
379.81706562249406
340.75856846811325
394.3312493059397
82.22069245756978
379.81706562249406
94.93248722432205
394.3312493059397
82.22069245756978
379.81706562249406
94.93248722432205
94.93248722432205
94.93248722432205
82.22069245756978
379.81706562249406
394.3312493059397
379.81706562249406
94.93248722432205
394.3312493059397
379.81706562249406
82.22069245756978
379.81706562249406
394.3312493059397
394.3312493059397
94.93248722432205
394.3312493059397
394.3312493059397
82.22069245756978
379.81706562249406
94.93248722432205
82.22069245756978
394.3312493059397
394.3312493059397
379.81706562249406
94.93248722432205
94.93248722432205
379.81706562249406
94.93248722432205
94.93248722432205
394.3312493059397
379.81706562249406
82.22069245756978
82.22069245756978
394.3312493059397
394.3312493059397
394.3312493059397
82.22069245756978
394.3312493059397
379.81706562249406
277.55015470459153
379.81706562249406
82.22069245756978
394.3312493059397
277.55015470459153
277.55015470459153
379.81706562249406
394.3312493059397
379.81706562249406
82.22069245756978
94.93248722432205
94.93248722432205
394.3312493059397
394.3312493059397
82.22069245756978
379.81706562249406
94.93248722432205
379.81706562249406
379.81706562249406
379.81706562249406
94.93248722432205
94.93248722432205
82.22069245756978
379.81706562249406
379.81706562249406
394.3312493059397
394.3312493059397
94.93248722432205
449.7829399928768
277.55015470459153
82.22069245756978
379.81706562249406
82.22069245756978
82.22069245756978
449.7829399928768
394.3312493059397
379.81706562249406
379.81706562249406
94.93248722432205
379.81706562249406
94.93248722432205
394.3312493059397
379.81706562249406
94.93248722432205
94.93248722432205
94.93248722432205
449.7829399928768
94.93248722432205
94.93248722432205
379.81706562249406
94.93248722432205
394.3312493059397
379.81706562249406
94.93248722432205
379.81706562249406
379.81706562249406
94.93248722432205
449.7829399928768
94.93248722432205
94.93248722432205
394.3312493059397
394.3312493059397
379.81706562249406
394.3312493059397
277.55015470459153
94.93248722432205
394.3312493059397
394.3312493059397
94.93248722432205
277.55015470459153
394.3312493059397
94.93248722432205
394.3312493059397
277.55015470459153
379.81706562249406
94.93248722432205
277.55015470459153
379.81706562249406
449.7829399928768
82.22069245756978
277.55015470459153
379.81706562249406
277.55015470459153
277.55015470459153
449.7829399928768
379.81706562249406
277.55015470459153
94.93248722432205
449.7829399928768
277.55015470459153
379.81706562249406
94.93248722432205
94.93248722432205
449.7829399928768
94.93248722432205
277.55015470459153
379.81706562249406
449.7829399928768
94.93248722432205
277.55015470459153
394.3312493059397
394.3312493059397
379.81706562249406
277.55015470459153
94.93248722432205
277.55015470459153
449.7829399928768
449.7829399928768
449.7829399928768
277.55015470459153
449.7829399928768
449.7829399928768
379.81706562249406
94.93248722432205
277.55015470459153
277.55015470459153
277.55015470459153
379.81706562249406
277.55015470459153
449.7829399928768
94.93248722432205
277.55015470459153
277.55015470459153
449.7829399928768
277.55015470459153
299.4133994831741
277.55015470459153
277.55015470459153
277.55015470459153
449.7829399928768
277.55015470459153
277.55015470459153
449.7829399928768
449.7829399928768
277.55015470459153
277.55015470459153
94.93248722432205
449.7829399928768
449.7829399928768
277.55015470459153
277.55015470459153
394.3312493059397
277.55015470459153
449.7829399928768
277.55015470459153
449.7829399928768
449.7829399928768
449.7829399928768
277.55015470459153
277.55015470459153
449.7829399928768
449.7829399928768
449.7829399928768
449.7829399928768
449.7829399928768
449.7829399928768
449.7829399928768
299.4133994831741
449.7829399928768
277.55015470459153
449.7829399928768
379.81706562249406
137.187754589245
94.93248722432205
449.7829399928768
449.7829399928768
277.55015470459153
277.55015470459153
449.7829399928768
277.55015470459153
449.7829399928768
449.7829399928768
277.55015470459153
277.55015470459153
299.4133994831741
277.55015470459153
137.187754589245
449.7829399928768
449.7829399928768
299.4133994831741
299.4133994831741
449.7829399928768
449.7829399928768
449.7829399928768
299.4133994831741
449.7829399928768
277.55015470459153
299.4133994831741
299.4133994831741
299.4133994831741
18.388371692966434
299.4133994831741
299.4133994831741
299.4133994831741
299.4133994831741
18.388371692966434
299.4133994831741
137.187754589245
137.187754589245
299.4133994831741
277.55015470459153
299.4133994831741
449.7829399928768
137.187754589245
137.187754589245
137.187754589245
449.7829399928768
299.4133994831741
299.4133994831741
137.187754589245
299.4133994831741
137.187754589245
137.187754589245
137.187754589245
80.70535648304815
299.4133994831741
277.55015470459153
299.4133994831741
299.4133994831741
137.187754589245
80.70535648304815
299.4133994831741
137.187754589245
137.187754589245
299.4133994831741
299.4133994831741
18.388371692966434
137.187754589245
299.4133994831741
299.4133994831741
155.77107758588642
137.187754589245
299.4133994831741
155.77107758588642
449.7829399928768
299.4133994831741
299.4133994831741
137.187754589245
18.388371692966434
299.4133994831741
299.4133994831741
18.388371692966434
299.4133994831741
137.187754589245
137.187754589245
18.388371692966434
299.4133994831741
299.4133994831741
18.388371692966434
299.4133994831741
299.4133994831741
18.388371692966434
137.187754589245
137.187754589245
137.187754589245
18.388371692966434
137.187754589245
299.4133994831741
18.388371692966434
137.187754589245
299.4133994831741
137.187754589245
18.388371692966434
137.187754589245
137.187754589245
199.33265985830553
137.187754589245
18.388371692966434
137.187754589245
137.187754589245
199.33265985830553
137.187754589245
299.4133994831741
137.187754589245
18.388371692966434
137.187754589245
80.70535648304815
137.187754589245
18.388371692966434
80.70535648304815
155.77107758588642
137.187754589245
70.6592786676873
80.70535648304815
299.4133994831741
80.70535648304815
70.6592786676873
80.70535648304815
80.70535648304815
299.4133994831741
137.187754589245
18.388371692966434
137.187754589245
80.70535648304815
80.70535648304815
80.70535648304815
137.187754589245
18.388371692966434
155.77107758588642
155.77107758588642
18.388371692966434
80.70535648304815
18.388371692966434
155.77107758588642
80.70535648304815
137.187754589245
18.388371692966434
18.388371692966434
18.388371692966434
155.77107758588642
155.77107758588642
155.77107758588642
299.4133994831741
18.388371692966434
299.4133994831741
299.4133994831741
18.388371692966434
155.77107758588642
80.70535648304815
199.33265985830553
18.388371692966434
299.4133994831741
299.4133994831741
137.187754589245
155.77107758588642
18.388371692966434
80.70535648304815
18.388371692966434
18.388371692966434
155.77107758588642
18.388371692966434
199.33265985830553
155.77107758588642
70.6592786676873
137.187754589245
18.388371692966434
80.70535648304815
199.33265985830553
155.77107758588642
199.33265985830553
137.187754589245
18.388371692966434
80.70535648304815
80.70535648304815
80.70535648304815
80.70535648304815
80.70535648304815
18.388371692966434
80.70535648304815
299.4133994831741
137.187754589245
199.33265985830553
155.77107758588642
70.6592786676873
80.70535648304815
80.70535648304815
155.77107758588642
18.388371692966434
80.70535648304815
18.388371692966434
70.6592786676873
137.187754589245
70.6592786676873
199.33265985830553
18.388371692966434
155.77107758588642
137.187754589245
18.388371692966434
155.77107758588642
18.388371692966434
155.77107758588642
155.77107758588642
155.77107758588642
70.6592786676873
199.33265985830553
80.70535648304815
199.33265985830553
155.77107758588642
80.70535648304815
80.70535648304815
155.77107758588642
155.77107758588642
199.33265985830553
18.388371692966434
18.388371692966434
70.6592786676873
18.388371692966434
155.77107758588642
18.388371692966434
199.33265985830553
137.187754589245
199.33265985830553
80.70535648304815
155.77107758588642
70.6592786676873
137.187754589245
137.187754589245
155.77107758588642
80.70535648304815
70.6592786676873
80.70535648304815
70.6592786676873
199.33265985830553
199.33265985830553
199.33265985830553
18.388371692966434
70.6592786676873
80.70535648304815
155.77107758588642
155.77107758588642
70.6592786676873
199.33265985830553
80.70535648304815
18.388371692966434
62.67129146583945
70.6592786676873
199.33265985830553
80.70535648304815
199.33265985830553
70.6592786676873
80.70535648304815
155.77107758588642
70.6592786676873
70.6592786676873
18.388371692966434
199.33265985830553
62.67129146583945
18.388371692966434
80.70535648304815
70.6592786676873
199.33265985830553
155.77107758588642
199.33265985830553
62.67129146583945
199.33265985830553
80.70535648304815
80.70535648304815
155.77107758588642
155.77107758588642
70.6592786676873
155.77107758588642
80.70535648304815
199.33265985830553
155.77107758588642
199.33265985830553
80.70535648304815
70.6592786676873
70.6592786676873
70.6592786676873
155.77107758588642
70.6592786676873
199.33265985830553
18.388371692966434
155.77107758588642
199.33265985830553
155.77107758588642
70.6592786676873
199.33265985830553
155.77107758588642
80.70535648304815
126.17733770750198
199.33265985830553
18.388371692966434
199.33265985830553
70.6592786676873
18.388371692966434
70.6592786676873
18.388371692966434
126.17733770750198
62.67129146583945
70.6592786676873
199.33265985830553
155.77107758588642
70.6592786676873
80.70535648304815
70.6592786676873
143.3882988796112
155.77107758588642
62.67129146583945
70.6592786676873
199.33265985830553
155.77107758588642
62.67129146583945
199.33265985830553
199.33265985830553
199.33265985830553
199.33265985830553
80.70535648304815
126.17733770750198
199.33265985830553
155.77107758588642
70.6592786676873
70.6592786676873
143.3882988796112
80.70535648304815
199.33265985830553
80.70535648304815
70.6592786676873
80.70535648304815
155.77107758588642
62.67129146583945
155.77107758588642
70.6592786676873
70.6592786676873
126.17733770750198
199.33265985830553
199.33265985830553
62.67129146583945
80.70535648304815
70.6592786676873
155.77107758588642
62.67129146583945
70.6592786676873
126.17733770750198
62.67129146583945
70.6592786676873
199.33265985830553
143.3882988796112
70.6592786676873
70.6592786676873
62.67129146583945
62.67129146583945
80.70535648304815
199.33265985830553
199.33265985830553
62.67129146583945
126.17733770750198
70.6592786676873
70.6592786676873
155.77107758588642
143.3882988796112
199.33265985830553
143.3882988796112
62.67129146583945
62.67129146583945
62.67129146583945
126.17733770750198
62.67129146583945
70.6592786676873
143.3882988796112
199.33265985830553
70.6592786676873
70.6592786676873
62.67129146583945
199.33265985830553
70.6592786676873
140.19775416803532
62.67129146583945
143.3882988796112
62.67129146583945
62.67129146583945
155.77107758588642
62.67129146583945
62.67129146583945
126.17733770750198
140.19775416803532
143.3882988796112
62.67129146583945
126.17733770750198
62.67129146583945
126.17733770750198
126.17733770750198
199.33265985830553
126.17733770750198
126.17733770750198
126.17733770750198
143.3882988796112
279.33917823633254
143.3882988796112
143.3882988796112
62.67129146583945
126.17733770750198
70.6592786676873
279.33917823633254
143.3882988796112
143.3882988796112
126.17733770750198
62.67129146583945
126.17733770750198
143.3882988796112
62.67129146583945
143.3882988796112
62.67129146583945
270.4396594733525
140.19775416803532
62.67129146583945
143.3882988796112
126.17733770750198
140.19775416803532
62.67129146583945
279.33917823633254
126.17733770750198
279.33917823633254
126.17733770750198
143.3882988796112
270.4396594733525
62.67129146583945
126.17733770750198
140.19775416803532
389.2018809599194
126.17733770750198
143.3882988796112
126.17733770750198
143.3882988796112
126.17733770750198
143.3882988796112
126.17733770750198
143.3882988796112
140.19775416803532
62.67129146583945
389.2018809599194
126.17733770750198
140.19775416803532
270.4396594733525
126.17733770750198
140.19775416803532
270.4396594733525
279.33917823633254
62.67129146583945
126.17733770750198
62.67129146583945
126.17733770750198
62.67129146583945
143.3882988796112
279.33917823633254
213.0156039390568
143.3882988796112
143.3882988796112
62.67129146583945
143.3882988796112
62.67129146583945
126.17733770750198
62.67129146583945
140.19775416803532
140.19775416803532
213.0156039390568
143.3882988796112
199.33265985830553
143.3882988796112
143.3882988796112
140.19775416803532
140.19775416803532
126.17733770750198
270.4396594733525
279.33917823633254
126.17733770750198
389.2018809599194
70.6592786676873
279.33917823633254
213.0156039390568
62.67129146583945
140.19775416803532
270.4396594733525
140.19775416803532
62.67129146583945
143.3882988796112
389.2018809599194
143.3882988796112
62.67129146583945
62.67129146583945
279.33917823633254
126.17733770750198
62.67129146583945
143.3882988796112
143.3882988796112
140.19775416803532
325.3192282492641
325.3192282492641
140.19775416803532
270.4396594733525
205.41667266631927
279.33917823633254
270.4396594733525
279.33917823633254
325.3192282492641
140.19775416803532
389.2018809599194
140.19775416803532
213.0156039390568
389.2018809599194
126.17733770750198
279.33917823633254
143.3882988796112
205.41667266631927
213.0156039390568
279.33917823633254
140.19775416803532
270.4396594733525
325.3192282492641
279.33917823633254
140.19775416803532
62.67129146583945
389.2018809599194
270.4396594733525
126.17733770750198
270.4396594733525
126.17733770750198
389.2018809599194
143.3882988796112
205.41667266631927
270.4396594733525
126.17733770750198
126.17733770750198
279.33917823633254
213.0156039390568
143.3882988796112
213.0156039390568
279.33917823633254
140.19775416803532
279.33917823633254
126.17733770750198
325.3192282492641
270.4396594733525
279.33917823633254
126.17733770750198
140.19775416803532
143.3882988796112
279.33917823633254
205.41667266631927
205.41667266631927
126.17733770750198
140.19775416803532
279.33917823633254
389.2018809599194
270.4396594733525
140.19775416803532
143.3882988796112
270.4396594733525
126.17733770750198
143.3882988796112
143.3882988796112
140.19775416803532
140.19775416803532
213.0156039390568
24.14424551830112
140.19775416803532
126.17733770750198
62.67129146583945
325.3192282492641
279.33917823633254
140.19775416803532
389.2018809599194
270.4396594733525
140.19775416803532
389.2018809599194
325.3192282492641
389.2018809599194
279.33917823633254
279.33917823633254
24.14424551830112
143.3882988796112
143.3882988796112
126.17733770750198
279.33917823633254
213.0156039390568
270.4396594733525
389.2018809599194
389.2018809599194
279.33917823633254
279.33917823633254
143.3882988796112
270.4396594733525
153.0016787341191
140.19775416803532
143.3882988796112
153.0016787341191
205.41667266631927
279.33917823633254
325.3192282492641
62.67129146583945
24.14424551830112
205.41667266631927
389.2018809599194
140.19775416803532
270.4396594733525
213.0156039390568
270.4396594733525
270.4396594733525
143.3882988796112
213.0156039390568
126.17733770750198
140.19775416803532
24.14424551830112
389.2018809599194
270.4396594733525
140.19775416803532
389.2018809599194
140.19775416803532
24.14424551830112
389.2018809599194
213.0156039390568
325.3192282492641
270.4396594733525
213.0156039390568
270.4396594733525
270.4396594733525
389.2018809599194
153.0016787341191
389.2018809599194
270.4396594733525
279.33917823633254
325.3192282492641
213.0156039390568
153.0016787341191
279.33917823633254
279.33917823633254
62.67129146583945
213.0156039390568
24.14424551830112
140.19775416803532
325.3192282492641
143.3882988796112
153.0016787341191
279.33917823633254
279.33917823633254
213.0156039390568
270.4396594733525
213.0156039390568
270.4396594733525
24.14424551830112
213.0156039390568
279.33917823633254
205.41667266631927
325.3192282492641
389.2018809599194
205.41667266631927
279.33917823633254
126.17733770750198
213.0156039390568
140.19775416803532
205.41667266631927
389.2018809599194
270.4396594733525
205.41667266631927
389.2018809599194
389.2018809599194
140.19775416803532
213.0156039390568
279.33917823633254
153.0016787341191
270.4396594733525
158.91708216263012
325.3192282492641
140.19775416803532
126.17733770750198
270.4396594733525
325.3192282492641
205.41667266631927
153.0016787341191
270.4396594733525
325.3192282492641
325.3192282492641
325.3192282492641
325.3192282492641
24.14424551830112
213.0156039390568
213.0156039390568
389.2018809599194
389.2018809599194
213.0156039390568
325.3192282492641
389.2018809599194
270.4396594733525
153.0016787341191
389.2018809599194
213.0156039390568
213.0156039390568
279.33917823633254
143.3882988796112
279.33917823633254
325.3192282492641
389.2018809599194
140.19775416803532
325.3192282492641
24.14424551830112
270.4396594733525
140.19775416803532
140.19775416803532
158.91708216263012
205.41667266631927
205.41667266631927
279.33917823633254
205.41667266631927
205.41667266631927
389.2018809599194
126.17733770750198
389.2018809599194
143.3882988796112
213.0156039390568
24.14424551830112
325.3192282492641
325.3192282492641
191.4264210990975
389.2018809599194
213.0156039390568
205.41667266631927
205.41667266631927
24.14424551830112
24.14424551830112
158.91708216263012
270.4396594733525
325.3192282492641
24.14424551830112
205.41667266631927
279.33917823633254
205.41667266631927
205.41667266631927
205.41667266631927
153.0016787341191
213.0156039390568
389.2018809599194
191.4264210990975
389.2018809599194
279.33917823633254
279.33917823633254
158.91708216263012
270.4396594733525
270.4396594733525
205.41667266631927
389.2018809599194
140.19775416803532
213.0156039390568
213.0156039390568
153.0016787341191
325.3192282492641
140.19775416803532
205.41667266631927
213.0156039390568
213.0156039390568
325.3192282492641
325.3192282492641
140.19775416803532
158.91708216263012
153.0016787341191
153.0016787341191
270.4396594733525
140.19775416803532
270.4396594733525
24.14424551830112
325.3192282492641
213.0156039390568
153.0016787341191
213.0156039390568
24.14424551830112
143.3882988796112
24.14424551830112
325.3192282492641
158.91708216263012
270.4396594733525
270.4396594733525
279.33917823633254
191.4264210990975
205.41667266631927
24.14424551830112
389.2018809599194
325.3192282492641
24.14424551830112
389.2018809599194
213.0156039390568
279.33917823633254
153.0016787341191
191.4264210990975
325.3192282492641
153.0016787341191
205.41667266631927
140.19775416803532
140.19775416803532
205.41667266631927
24.14424551830112
325.3192282492641
205.41667266631927
158.91708216263012
389.2018809599194
279.33917823633254
279.33917823633254
325.3192282492641
325.3192282492641
153.0016787341191
153.0016787341191
279.33917823633254
270.4396594733525
389.2018809599194
191.4264210990975
24.14424551830112
205.41667266631927
24.14424551830112
389.2018809599194
24.14424551830112
153.0016787341191
213.0156039390568
213.0156039390568
270.4396594733525
205.41667266631927
24.14424551830112
205.41667266631927
208.85359117029694
205.41667266631927
153.0016787341191
158.91708216263012
191.4264210990975
24.14424551830112
205.41667266631927
213.0156039390568
191.4264210990975
279.33917823633254
270.4396594733525
24.14424551830112
270.4396594733525
205.41667266631927
153.0016787341191
191.4264210990975
153.0016787341191
389.2018809599194
153.0016787341191
140.19775416803532
213.0156039390568
270.4396594733525
24.14424551830112
389.2018809599194
153.0016787341191
158.91708216263012
325.3192282492641
158.91708216263012
325.3192282492641
208.85359117029694
158.91708216263012
158.91708216263012
158.91708216263012
153.0016787341191
325.3192282492641
153.0016787341191
205.41667266631927
389.2018809599194
325.3192282492641
213.0156039390568
389.2018809599194
213.0156039390568
24.14424551830112
208.85359117029694
24.14424551830112
205.41667266631927
325.3192282492641
208.85359117029694
24.14424551830112
208.85359117029694
213.0156039390568
24.14424551830112
389.2018809599194
205.41667266631927
24.14424551830112
191.4264210990975
270.4396594733525
191.4264210990975
205.41667266631927
389.2018809599194
191.4264210990975
191.4264210990975
213.0156039390568
191.4264210990975
158.91708216263012
24.14424551830112
24.14424551830112
213.0156039390568
389.2018809599194
325.3192282492641
208.85359117029694
153.0016787341191
153.0016787341191
158.91708216263012
325.3192282492641
205.41667266631927
24.14424551830112
208.85359117029694
153.0016787341191
213.0156039390568
208.85359117029694
213.0156039390568
325.3192282492641
158.91708216263012
24.14424551830112
279.33917823633254
153.0016787341191
158.91708216263012
153.0016787341191
158.91708216263012
191.4264210990975
208.85359117029694
158.91708216263012
153.0016787341191
325.3192282492641
208.85359117029694
205.41667266631927
325.3192282492641
24.14424551830112
205.41667266631927
213.0156039390568
24.14424551830112
153.0016787341191
153.0016787341191
153.0016787341191
208.85359117029694
24.14424551830112
325.3192282492641
191.4264210990975
208.85359117029694
191.4264210990975
205.41667266631927
205.41667266631927
191.4264210990975
325.3192282492641
191.4264210990975
205.41667266631927
191.4264210990975
158.91708216263012
205.41667266631927
153.0016787341191
158.91708216263012
208.85359117029694
158.91708216263012
153.0016787341191
153.0016787341191
153.0016787341191
158.91708216263012
191.4264210990975
158.91708216263012
325.3192282492641
270.4396594733525
24.14424551830112
205.41667266631927
24.14424551830112
153.0016787341191
24.14424551830112
191.4264210990975
158.91708216263012
158.91708216263012
191.4264210990975
191.4264210990975
153.0016787341191
500.6985200889958
208.85359117029694
208.85359117029694
158.91708216263012
389.2018809599194
153.0016787341191
24.14424551830112
158.91708216263012
213.0156039390568
158.91708216263012
24.14424551830112
191.4264210990975
500.6985200889958
153.0016787341191
158.91708216263012
158.91708216263012
325.3192282492641
191.4264210990975
205.41667266631927
24.14424551830112
500.6985200889958
24.14424551830112
208.85359117029694
500.6985200889958
158.91708216263012
191.4264210990975
208.85359117029694
153.0016787341191
208.85359117029694
158.91708216263012
500.6985200889958
500.6985200889958
191.4264210990975
191.4264210990975
191.4264210990975
24.14424551830112
500.6985200889958
153.0016787341191
208.85359117029694
158.91708216263012
153.0016787341191
153.0016787341191
191.4264210990975
158.91708216263012
208.85359117029694
205.41667266631927
191.4264210990975
500.6985200889958
158.91708216263012
191.4264210990975
223.6349320392206
500.6985200889958
158.91708216263012
191.4264210990975
191.4264210990975
158.91708216263012
158.91708216263012
208.85359117029694
208.85359117029694
223.6349320392206
191.4264210990975
500.6985200889958
500.6985200889958
191.4264210990975
208.85359117029694
208.85359117029694
208.85359117029694
191.4264210990975
500.6985200889958
223.6349320392206
223.6349320392206
24.14424551830112
191.4264210990975
191.4264210990975
158.91708216263012
223.6349320392206
208.85359117029694
158.91708216263012
158.91708216263012
208.85359117029694
223.6349320392206
158.91708216263012
223.6349320392206
208.85359117029694
24.14424551830112
153.0016787341191
208.85359117029694
223.6349320392206
208.85359117029694
153.0016787341191
223.6349320392206
191.4264210990975
223.6349320392206
500.6985200889958
191.4264210990975
208.85359117029694
191.4264210990975
500.6985200889958
208.85359117029694
158.91708216263012
208.85359117029694
208.85359117029694
500.6985200889958
208.85359117029694
158.91708216263012
191.4264210990975
223.6349320392206
158.91708216263012
208.85359117029694
223.6349320392206
208.85359117029694
500.6985200889958
208.85359117029694
500.6985200889958
500.6985200889958
191.4264210990975
191.4264210990975
223.6349320392206
208.85359117029694
500.6985200889958
191.4264210990975
223.6349320392206
223.6349320392206
208.85359117029694
500.6985200889958
208.85359117029694
208.85359117029694
208.85359117029694
500.6985200889958
158.91708216263012
223.6349320392206
158.91708216263012
208.85359117029694
46.22096437995831
500.6985200889958
500.6985200889958
500.6985200889958
223.6349320392206
223.6349320392206
500.6985200889958
500.6985200889958
208.85359117029694
223.6349320392206
500.6985200889958
191.4264210990975
208.85359117029694
191.4264210990975
500.6985200889958
500.6985200889958
500.6985200889958
223.6349320392206
223.6349320392206
276.1596500213444
500.6985200889958
223.6349320392206
500.6985200889958
500.6985200889958
223.6349320392206
223.6349320392206
223.6349320392206
500.6985200889958
126.62025862856763
208.85359117029694
223.6349320392206
208.85359117029694
223.6349320392206
223.6349320392206
500.6985200889958
500.6985200889958
46.22096437995831
46.22096437995831
223.6349320392206
300.8697244935902
500.6985200889958
500.6985200889958
223.6349320392206
46.22096437995831
500.6985200889958
223.6349320392206
223.6349320392206
223.6349320392206
500.6985200889958
223.6349320392206
500.6985200889958
46.22096437995831
46.22096437995831
500.6985200889958
223.6349320392206
46.22096437995831
46.22096437995831
500.6985200889958
223.6349320392206
276.1596500213444
46.22096437995831
500.6985200889958
223.6349320392206
500.6985200889958
46.22096437995831
223.6349320392206
46.22096437995831
126.62025862856763
46.22096437995831
500.6985200889958
223.6349320392206
223.6349320392206
223.6349320392206
300.8697244935902
276.1596500213444
46.22096437995831
46.22096437995831
223.6349320392206
223.6349320392206
500.6985200889958
276.1596500213444
276.1596500213444
126.62025862856763
276.1596500213444
46.22096437995831
46.22096437995831
276.1596500213444
500.6985200889958
276.1596500213444
126.62025862856763
40.42772748760276
223.6349320392206
126.62025862856763
46.22096437995831
46.22096437995831
300.8697244935902
276.1596500213444
126.62025862856763
300.8697244935902
126.62025862856763
276.1596500213444
126.62025862856763
46.22096437995831
276.1596500213444
126.62025862856763
300.8697244935902
223.6349320392206
126.62025862856763
126.62025862856763
223.6349320392206
300.8697244935902
223.6349320392206
46.22096437995831
276.1596500213444
300.8697244935902
300.8697244935902
300.8697244935902
300.8697244935902
223.6349320392206
276.1596500213444
300.8697244935902
46.22096437995831
46.22096437995831
126.62025862856763
46.22096437995831
46.22096437995831
46.22096437995831
276.1596500213444
126.62025862856763
46.22096437995831
276.1596500213444
126.62025862856763
276.1596500213444
300.8697244935902
126.62025862856763
46.22096437995831
300.8697244935902
126.62025862856763
522.337145910902
46.22096437995831
276.1596500213444
126.62025862856763
46.22096437995831
300.8697244935902
46.22096437995831
276.1596500213444
276.1596500213444
46.22096437995831
46.22096437995831
46.22096437995831
300.8697244935902
46.22096437995831
300.8697244935902
126.62025862856763
126.62025862856763
276.1596500213444
300.8697244935902
46.22096437995831
40.42772748760276
46.22096437995831
46.22096437995831
40.42772748760276
126.62025862856763
300.8697244935902
300.8697244935902
46.22096437995831
46.22096437995831
46.22096437995831
40.42772748760276
46.22096437995831
40.42772748760276
40.42772748760276
276.1596500213444
276.1596500213444
276.1596500213444
300.8697244935902
117.3797362414607
276.1596500213444
276.1596500213444
40.42772748760276
126.62025862856763
300.8697244935902
276.1596500213444
126.62025862856763
46.22096437995831
276.1596500213444
276.1596500213444
40.42772748760276
126.62025862856763
276.1596500213444
276.1596500213444
276.1596500213444
126.62025862856763
46.22096437995831
126.62025862856763
276.1596500213444
276.1596500213444
40.42772748760276
46.22096437995831
40.42772748760276
126.62025862856763
276.1596500213444
126.62025862856763
276.1596500213444
300.8697244935902
126.62025862856763
126.62025862856763
300.8697244935902
300.8697244935902
300.8697244935902
522.337145910902
300.8697244935902
126.62025862856763
300.8697244935902
522.337145910902
522.337145910902
276.1596500213444
126.62025862856763
126.62025862856763
276.1596500213444
40.42772748760276
126.62025862856763
40.42772748760276
276.1596500213444
276.1596500213444
300.8697244935902
276.1596500213444
522.337145910902
40.42772748760276
46.22096437995831
40.42772748760276
300.8697244935902
126.62025862856763
126.62025862856763
276.1596500213444
40.42772748760276
126.62025862856763
46.22096437995831
126.62025862856763
126.62025862856763
126.62025862856763
300.8697244935902
40.42772748760276
404.14330619464636
300.8697244935902
300.8697244935902
522.337145910902
300.8697244935902
522.337145910902
276.1596500213444
117.3797362414607
40.42772748760276
126.62025862856763
300.8697244935902
117.3797362414607
300.8697244935902
40.42772748760276
300.8697244935902
300.8697244935902
522.337145910902
276.1596500213444
300.8697244935902
300.8697244935902
300.8697244935902
117.3797362414607
522.337145910902
126.62025862856763
117.3797362414607
117.3797362414607
276.1596500213444
137.60841538381123
522.337145910902
46.22096437995831
126.62025862856763
46.22096437995831
117.3797362414607
40.42772748760276
522.337145910902
276.1596500213444
126.62025862856763
522.337145910902
300.8697244935902
107.37522434746566
117.3797362414607
40.42772748760276
300.8697244935902
117.3797362414607
117.3797362414607
126.62025862856763
126.62025862856763
300.8697244935902
522.337145910902
276.1596500213444
40.42772748760276
40.42772748760276
522.337145910902
307.52185972571243
300.8697244935902
40.42772748760276
404.14330619464636
522.337145910902
117.3797362414607
40.42772748760276
126.62025862856763
40.42772748760276
117.3797362414607
40.42772748760276
522.337145910902
137.60841538381123
40.42772748760276
40.42772748760276
522.337145910902
522.337145910902
40.42772748760276
300.8697244935902
117.3797362414607
40.42772748760276
404.14330619464636
117.3797362414607
40.42772748760276
254.03643756748073
107.37522434746566
276.1596500213444
40.42772748760276
40.42772748760276
276.1596500213444
40.42772748760276
137.60841538381123
117.3797362414607
40.42772748760276
404.14330619464636
300.8697244935902
40.42772748760276
40.42772748760276
404.14330619464636
126.62025862856763
126.62025862856763
107.37522434746566
522.337145910902
117.3797362414607
404.14330619464636
137.60841538381123
117.3797362414607
40.42772748760276
404.14330619464636
522.337145910902
40.42772748760276
40.42772748760276
522.337145910902
40.42772748760276
522.337145910902
307.52185972571243
300.8697244935902
300.8697244935902
522.337145910902
522.337145910902
117.3797362414607
404.14330619464636
522.337145910902
107.37522434746566
137.60841538381123
404.14330619464636
137.60841538381123
522.337145910902
137.60841538381123
107.37522434746566
522.337145910902
137.60841538381123
404.14330619464636
107.37522434746566
522.337145910902
137.60841538381123
117.3797362414607
117.3797362414607
522.337145910902
107.37522434746566
522.337145910902
404.14330619464636
404.14330619464636
522.337145910902
522.337145910902
117.3797362414607
522.337145910902
307.52185972571243
81.99774298884572
107.37522434746566
117.3797362414607
307.52185972571243
137.60841538381123
107.37522434746566
117.3797362414607
522.337145910902
522.337145910902
40.42772748760276
254.03643756748073
117.3797362414607
522.337145910902
40.42772748760276
522.337145910902
404.14330619464636
107.37522434746566
117.3797362414607
40.42772748760276
117.3797362414607
522.337145910902
307.52185972571243
117.3797362414607
117.3797362414607
40.42772748760276
137.60841538381123
107.37522434746566
137.60841538381123
117.3797362414607
404.14330619464636
404.14330619464636
307.52185972571243
254.03643756748073
522.337145910902
117.3797362414607
137.60841538381123
137.60841538381123
522.337145910902
117.3797362414607
117.3797362414607
117.3797362414607
307.52185972571243
117.3797362414607
522.337145910902
404.14330619464636
117.3797362414607
107.37522434746566
117.3797362414607
404.14330619464636
137.60841538381123
254.03643756748073
22.818201433070147
117.3797362414607
107.37522434746566
307.52185972571243
117.3797362414607
137.60841538381123
40.42772748760276
307.52185972571243
404.14330619464636
107.37522434746566
254.03643756748073
307.52185972571243
107.37522434746566
107.37522434746566
522.337145910902
404.14330619464636
117.3797362414607
404.14330619464636
254.03643756748073
307.52185972571243
137.60841538381123
404.14330619464636
522.337145910902
404.14330619464636
137.60841538381123
107.37522434746566
522.337145910902
137.60841538381123
404.14330619464636
40.42772748760276
404.14330619464636
307.52185972571243
404.14330619464636
137.60841538381123
307.52185972571243
376.82789163552246
89.73717533625542
522.337145910902
117.3797362414607
404.14330619464636
254.03643756748073
107.37522434746566
137.60841538381123
137.60841538381123
117.3797362414607
254.03643756748073
107.37522434746566
81.99774298884572
307.52185972571243
137.60841538381123
137.60841538381123
137.60841538381123
107.37522434746566
40.42772748760276
117.3797362414607
254.03643756748073
107.37522434746566
107.37522434746566
254.03643756748073
307.52185972571243
137.60841538381123
307.52185972571243
107.37522434746566
107.37522434746566
404.14330619464636
81.99774298884572
107.37522434746566
117.3797362414607
404.14330619464636
404.14330619464636
522.337145910902
254.03643756748073
404.14330619464636
404.14330619464636
307.52185972571243
137.60841538381123
117.3797362414607
137.60841538381123
404.14330619464636
137.60841538381123
404.14330619464636
117.3797362414607
307.52185972571243
254.03643756748073
307.52185972571243
254.03643756748073
107.37522434746566
107.37522434746566
254.03643756748073
307.52185972571243
404.14330619464636
307.52185972571243
107.37522434746566
404.14330619464636
137.60841538381123
22.818201433070147
404.14330619464636
137.60841538381123
81.99774298884572
307.52185972571243
137.60841538381123
522.337145910902
307.52185972571243
254.03643756748073
81.99774298884572
137.60841538381123
81.99774298884572
107.37522434746566
137.60841538381123
137.60841538381123
117.3797362414607
107.37522434746566
254.03643756748073
107.37522434746566
404.14330619464636
404.14330619464636
403.61792552777234
404.14330619464636
107.37522434746566
107.37522434746566
107.37522434746566
254.03643756748073
522.337145910902
254.03643756748073
107.37522434746566
404.14330619464636
117.3797362414607
404.14330619464636
307.52185972571243
254.03643756748073
404.14330619464636
307.52185972571243
22.818201433070147
254.03643756748073
81.99774298884572
137.60841538381123
254.03643756748073
137.60841538381123
307.52185972571243
137.60841538381123
404.14330619464636
307.52185972571243
137.60841538381123
137.60841538381123
307.52185972571243
376.82789163552246
137.60841538381123
307.52185972571243
137.60841538381123
81.99774298884572
107.37522434746566
107.37522434746566
404.14330619464636
254.03643756748073
89.73717533625542
307.52185972571243
22.818201433070147
107.37522434746566
81.99774298884572
81.99774298884572
107.37522434746566
254.03643756748073
254.03643756748073
107.37522434746566
404.14330619464636
137.60841538381123
107.37522434746566
137.60841538381123
22.818201433070147
307.52185972571243
107.37522434746566
137.60841538381123
22.818201433070147
307.52185972571243
22.818201433070147
81.99774298884572
307.52185972571243
107.37522434746566
81.99774298884572
404.14330619464636
117.3797362414607
107.37522434746566
307.52185972571243
107.37522434746566
254.03643756748073
307.52185972571243
307.52185972571243
254.03643756748073
254.03643756748073
254.03643756748073
376.82789163552246
137.60841538381123
376.82789163552246
22.818201433070147
307.52185972571243
89.73717533625542
254.03643756748073
307.52185972571243
22.818201433070147
254.03643756748073
254.03643756748073
376.82789163552246
307.52185972571243
307.52185972571243
22.818201433070147
89.73717533625542
22.818201433070147
376.82789163552246
254.03643756748073
81.99774298884572
81.99774298884572
22.818201433070147
307.52185972571243
307.52185972571243
89.73717533625542
376.82789163552246
307.52185972571243
254.03643756748073
254.03643756748073
81.99774298884572
107.37522434746566
307.52185972571243
254.03643756748073
254.03643756748073
307.52185972571243
89.73717533625542
403.61792552777234
81.99774298884572
89.73717533625542
404.14330619464636
376.82789163552246
254.03643756748073
81.99774298884572
81.99774298884572
376.82789163552246
376.82789163552246
81.99774298884572
89.73717533625542
81.99774298884572
81.99774298884572
137.60841538381123
376.82789163552246
254.03643756748073
89.73717533625542
254.03643756748073
89.73717533625542
254.03643756748073
22.818201433070147
403.61792552777234
254.03643756748073
376.82789163552246
89.73717533625542
403.61792552777234
254.03643756748073
254.03643756748073
254.03643756748073
22.818201433070147
89.73717533625542
254.03643756748073
403.61792552777234
107.37522434746566
81.99774298884572
307.52185972571243
403.61792552777234
81.99774298884572
22.818201433070147
22.818201433070147
81.99774298884572
403.61792552777234
81.99774298884572
22.818201433070147
22.818201433070147
81.99774298884572
22.818201433070147
81.99774298884572
81.99774298884572
22.818201433070147
376.82789163552246
81.99774298884572
22.818201433070147
81.99774298884572
81.99774298884572
81.99774298884572
376.82789163552246
81.99774298884572
89.73717533625542
403.61792552777234
376.82789163552246
81.99774298884572
404.14330619464636
376.82789163552246
22.818201433070147
403.61792552777234
254.03643756748073
376.82789163552246
89.73717533625542
307.52185972571243
22.818201433070147
137.60841538381123
403.61792552777234
403.61792552777234
376.82789163552246
22.818201433070147
81.99774298884572
22.818201433070147
376.82789163552246
22.818201433070147
89.73717533625542
89.73717533625542
81.99774298884572
22.818201433070147
91.93412405582542
22.818201433070147
81.99774298884572
89.73717533625542
376.82789163552246
107.37522434746566
403.61792552777234
22.818201433070147
376.82789163552246
89.73717533625542
403.61792552777234
376.82789163552246
89.73717533625542
89.73717533625542
90.34967701187658
81.99774298884572
81.99774298884572
81.99774298884572
22.818201433070147
89.73717533625542
81.99774298884572
22.818201433070147
254.03643756748073
89.73717533625542
376.82789163552246
376.82789163552246
22.818201433070147
22.818201433070147
22.818201433070147
376.82789163552246
81.99774298884572
81.99774298884572
214.2793253826506
22.818201433070147
89.73717533625542
376.82789163552246
89.73717533625542
22.818201433070147
89.73717533625542
376.82789163552246
81.99774298884572
376.82789163552246
307.52185972571243
403.61792552777234
89.73717533625542
376.82789163552246
403.61792552777234
22.818201433070147
376.82789163552246
403.61792552777234
81.99774298884572
22.818201433070147
376.82789163552246
89.73717533625542
22.818201433070147
403.61792552777234
89.73717533625542
22.818201433070147
403.61792552777234
89.73717533625542
89.73717533625542
89.73717533625542
376.82789163552246
22.818201433070147
403.61792552777234
403.61792552777234
403.61792552777234
376.82789163552246
22.818201433070147
81.99774298884572
376.82789163552246
254.03643756748073
376.82789163552246
403.61792552777234
403.61792552777234
376.82789163552246
403.61792552777234
22.818201433070147
89.73717533625542
219.6675811853122
376.82789163552246
89.73717533625542
89.73717533625542
89.73717533625542
376.82789163552246
89.73717533625542
89.73717533625542
403.61792552777234
376.82789163552246
376.82789163552246
89.73717533625542
91.93412405582542
403.61792552777234
403.61792552777234
376.82789163552246
22.818201433070147
376.82789163552246
89.73717533625542
22.818201433070147
89.73717533625542
403.61792552777234
403.61792552777234
22.818201433070147
89.73717533625542
89.73717533625542
376.82789163552246
90.34967701187658
89.73717533625542
403.61792552777234
403.61792552777234
376.82789163552246
403.61792552777234
91.93412405582542
403.61792552777234
403.61792552777234
403.61792552777234
91.93412405582542
81.99774298884572
403.61792552777234
89.73717533625542
91.93412405582542
403.61792552777234
90.34967701187658
395.5871575254065
214.2793253826506
91.93412405582542
81.99774298884572
91.93412405582542
91.93412405582542
90.34967701187658
403.61792552777234
90.34967701187658
91.93412405582542
376.82789163552246
91.93412405582542
376.82789163552246
90.34967701187658
403.61792552777234
90.34967701187658
90.34967701187658
89.73717533625542
90.34967701187658
403.61792552777234
91.93412405582542
89.73717533625542
90.34967701187658
403.61792552777234
214.2793253826506
403.61792552777234
214.2793253826506
91.93412405582542
90.34967701187658
235.77050414748368
219.6675811853122
214.2793253826506
214.2793253826506
214.2793253826506
214.2793253826506
22.818201433070147
90.34967701187658
91.93412405582542
214.2793253826506
22.818201433070147
403.61792552777234
91.93412405582542
91.93412405582542
219.6675811853122
214.2793253826506
90.34967701187658
219.6675811853122
90.34967701187658
219.6675811853122
219.6675811853122
376.82789163552246
403.61792552777234
91.93412405582542
219.6675811853122
90.34967701187658
89.73717533625542
214.2793253826506
214.2793253826506
403.61792552777234
376.82789163552246
214.2793253826506
89.73717533625542
395.5871575254065
219.6675811853122
90.34967701187658
219.6675811853122
91.93412405582542
395.5871575254065
219.6675811853122
214.2793253826506
395.5871575254065
90.34967701187658
91.93412405582542
91.93412405582542
91.93412405582542
91.93412405582542
219.6675811853122
395.5871575254065
90.34967701187658
90.34967701187658
403.61792552777234
214.2793253826506
91.93412405582542
219.6675811853122
90.34967701187658
91.93412405582542
219.6675811853122
214.2793253826506
90.34967701187658
91.93412405582542
140.6494029200822
219.6675811853122
395.5871575254065
235.77050414748368
91.93412405582542
403.61792552777234
91.93412405582542
90.34967701187658
214.2793253826506
235.77050414748368
90.34967701187658
403.61792552777234
395.5871575254065
91.93412405582542
91.93412405582542
90.34967701187658
90.34967701187658
235.77050414748368
235.77050414748368
395.5871575254065
214.2793253826506
91.93412405582542
91.93412405582542
395.5871575254065
214.2793253826506
219.6675811853122
91.93412405582542
90.34967701187658
395.5871575254065
214.2793253826506
219.6675811853122
90.34967701187658
90.34967701187658
219.6675811853122
214.2793253826506
90.34967701187658
91.93412405582542
90.34967701187658
90.34967701187658
235.77050414748368
336.4105848475374
91.93412405582542
235.77050414748368
90.34967701187658
90.34967701187658
91.93412405582542
214.2793253826506
395.5871575254065
214.2793253826506
118.95984929405377
91.93412405582542
395.5871575254065
214.2793253826506
219.6675811853122
395.5871575254065
235.77050414748368
214.2793253826506
91.93412405582542
90.34967701187658
90.34967701187658
214.2793253826506
91.93412405582542
214.2793253826506
91.93412405582542
214.2793253826506
235.77050414748368
219.6675811853122
90.34967701187658
395.5871575254065
90.34967701187658
235.77050414748368
214.2793253826506
219.6675811853122
91.93412405582542
219.6675811853122
91.93412405582542
214.2793253826506
219.6675811853122
91.93412405582542
235.77050414748368
219.6675811853122
90.34967701187658
90.34967701187658
214.2793253826506
219.6675811853122
214.2793253826506
395.5871575254065
90.34967701187658
219.6675811853122
235.77050414748368
91.93412405582542
395.5871575254065
219.6675811853122
235.77050414748368
140.6494029200822
219.6675811853122
214.2793253826506
214.2793253826506
395.5871575254065
90.34967701187658
214.2793253826506
90.34967701187658
395.5871575254065
235.77050414748368
395.5871575254065
214.2793253826506
214.2793253826506
219.6675811853122
219.6675811853122
140.6494029200822
219.6675811853122
140.6494029200822
395.5871575254065
140.6494029200822
235.77050414748368
214.2793253826506
140.6494029200822
214.2793253826506
219.6675811853122
219.6675811853122
235.77050414748368
395.5871575254065
235.77050414748368
140.6494029200822
235.77050414748368
219.6675811853122
336.4105848475374
118.95984929405377
395.5871575254065
395.5871575254065
214.2793253826506
219.6675811853122
395.5871575254065
219.6675811853122
91.93412405582542
140.6494029200822
235.77050414748368
219.6675811853122
395.5871575254065
214.2793253826506
219.6675811853122
395.5871575254065
235.77050414748368
214.2793253826506
336.4105848475374
90.34967701187658
336.4105848475374
140.6494029200822
336.4105848475374
219.6675811853122
91.93412405582542
118.95984929405377
219.6675811853122
235.77050414748368
336.4105848475374
395.5871575254065
395.5871575254065
395.5871575254065
235.77050414748368
235.77050414748368
219.6675811853122
336.4105848475374
90.34967701187658
140.6494029200822
118.95984929405377
336.4105848475374
395.5871575254065
395.5871575254065
118.95984929405377
235.77050414748368
235.77050414748368
235.77050414748368
219.6675811853122
395.5871575254065
91.93412405582542
140.6494029200822
140.6494029200822
395.5871575254065
219.6675811853122
118.95984929405377
140.6494029200822
214.2793253826506
118.95984929405377
140.6494029200822
336.4105848475374
395.5871575254065
395.5871575254065
91.93412405582542
118.95984929405377
395.5871575254065
235.77050414748368
91.93412405582542
140.6494029200822
118.95984929405377
90.34967701187658
395.5871575254065
235.77050414748368
91.93412405582542
90.34967701187658
90.34967701187658
214.2793253826506
235.77050414748368
90.34967701187658
235.77050414748368
395.5871575254065
336.4105848475374
235.77050414748368
336.4105848475374
118.95984929405377
336.4105848475374
219.6675811853122
118.95984929405377
140.6494029200822
235.77050414748368
336.4105848475374
140.6494029200822
395.5871575254065
140.6494029200822
395.5871575254065
235.77050414748368
214.2793253826506
235.77050414748368
235.77050414748368
235.77050414748368
219.6675811853122
336.4105848475374
336.4105848475374
118.95984929405377
118.95984929405377
140.6494029200822
214.2793253826506
395.5871575254065
140.6494029200822
140.6494029200822
395.5871575254065
235.77050414748368
235.77050414748368
214.2793253826506
118.95984929405377
467.02410549310855
118.95984929405377
140.6494029200822
214.2793253826506
336.4105848475374
336.4105848475374
219.6675811853122
118.95984929405377
336.4105848475374
336.4105848475374
235.77050414748368
219.6675811853122
140.6494029200822
336.4105848475374
235.77050414748368
118.95984929405377
235.77050414748368
235.77050414748368
118.95984929405377
140.6494029200822
219.6675811853122
118.95984929405377
140.6494029200822
336.4105848475374
336.4105848475374
219.6675811853122
118.95984929405377
395.5871575254065
118.95984929405377
140.6494029200822
140.6494029200822
140.6494029200822
118.95984929405377
387.3156929220451
140.6494029200822
336.4105848475374
140.6494029200822
235.77050414748368
336.4105848475374
336.4105848475374
140.6494029200822
467.02410549310855
140.6494029200822
140.6494029200822
118.95984929405377
140.6494029200822
140.6494029200822
395.5871575254065
336.4105848475374
118.95984929405377
140.6494029200822
395.5871575254065
140.6494029200822
96.96288965283871
118.95984929405377
336.4105848475374
336.4105848475374
336.4105848475374
118.95984929405377
336.4105848475374
395.5871575254065
467.02410549310855
118.95984929405377
235.77050414748368
395.5871575254065
395.5871575254065
140.6494029200822
336.4105848475374
118.95984929405377
336.4105848475374
336.4105848475374
118.95984929405377
140.6494029200822
118.95984929405377
387.3156929220451
467.02410549310855
336.4105848475374
118.95984929405377
336.4105848475374
118.95984929405377
336.4105848475374
140.6494029200822
336.4105848475374
118.95984929405377
467.02410549310855
235.77050414748368
467.02410549310855
140.6494029200822
235.77050414748368
118.95984929405377
118.95984929405377
118.95984929405377
118.95984929405377
467.02410549310855
387.3156929220451
235.77050414748368
336.4105848475374
467.02410549310855
140.6494029200822
96.96288965283871
336.4105848475374
118.95984929405377
235.77050414748368
387.3156929220451
387.3156929220451
118.95984929405377
336.4105848475374
467.02410549310855
336.4105848475374
387.3156929220451
462.92650421749335
140.6494029200822
96.96288965283871
387.3156929220451
118.95984929405377
467.02410549310855
118.95984929405377
336.4105848475374
387.3156929220451
467.02410549310855
467.02410549310855
96.96288965283871
140.6494029200822
96.96288965283871
387.3156929220451
118.95984929405377
467.02410549310855
387.3156929220451
467.02410549310855
467.02410549310855
467.02410549310855
471.2463329287388
96.96288965283871
140.6494029200822
96.96288965283871
96.96288965283871
140.6494029200822
96.96288965283871
140.6494029200822
96.96288965283871
467.02410549310855
387.3156929220451
467.02410549310855
467.02410549310855
462.92650421749335
467.02410549310855
142.88084930667307
387.3156929220451
336.4105848475374
387.3156929220451
336.4105848475374
467.02410549310855
118.95984929405377
387.3156929220451
387.3156929220451
118.95984929405377
471.2463329287388
387.3156929220451
467.02410549310855
336.4105848475374
387.3156929220451
387.3156929220451
467.02410549310855
467.02410549310855
336.4105848475374
118.95984929405377
96.96288965283871
118.95984929405377
212.91197758622226
96.96288965283871
467.02410549310855
96.96288965283871
462.92650421749335
336.4105848475374
467.02410549310855
467.02410549310855
96.96288965283871
142.88084930667307
471.2463329287388
387.3156929220451
467.02410549310855
467.02410549310855
118.95984929405377
96.96288965283871
462.92650421749335
387.3156929220451
96.96288965283871
462.92650421749335
96.96288965283871
462.92650421749335
140.6494029200822
467.02410549310855
462.92650421749335
142.88084930667307
387.3156929220451
387.3156929220451
467.02410549310855
387.3156929220451
467.02410549310855
96.96288965283871
387.3156929220451
467.02410549310855
471.2463329287388
462.92650421749335
462.92650421749335
471.2463329287388
387.3156929220451
471.2463329287388
96.96288965283871
471.2463329287388
467.02410549310855
462.92650421749335
467.02410549310855
142.88084930667307
387.3156929220451
467.02410549310855
387.3156929220451
142.88084930667307
142.88084930667307
387.3156929220451
491.572611201891
142.88084930667307
387.3156929220451
96.96288965283871
387.3156929220451
96.96288965283871
471.2463329287388
471.2463329287388
96.96288965283871
96.96288965283871
142.88084930667307
96.96288965283871
96.96288965283871
471.2463329287388
462.92650421749335
336.4105848475374
142.88084930667307
446.4363014066358
387.3156929220451
212.91197758622226
387.3156929220451
96.96288965283871
212.91197758622226
96.96288965283871
467.02410549310855
387.3156929220451
142.88084930667307
118.95984929405377
387.3156929220451
387.3156929220451
462.92650421749335
462.92650421749335
467.02410549310855
450.82650933891307
471.2463329287388
212.91197758622226
96.96288965283871
462.92650421749335
96.96288965283871
212.91197758622226
212.91197758622226
467.02410549310855
96.96288965283871
387.3156929220451
462.92650421749335
467.02410549310855
462.92650421749335
467.02410549310855
142.88084930667307
212.91197758622226
96.96288965283871
462.92650421749335
462.92650421749335
137.9728767187845
96.96288965283871
96.96288965283871
387.3156929220451
96.96288965283871
471.2463329287388
491.572611201891
387.3156929220451
491.572611201891
96.96288965283871
471.2463329287388
471.2463329287388
462.92650421749335
471.2463329287388
471.2463329287388
142.88084930667307
471.2463329287388
212.91197758622226
212.91197758622226
96.96288965283871
212.91197758622226
491.572611201891
142.88084930667307
467.02410549310855
142.88084930667307
462.92650421749335
142.88084930667307
491.572611201891
427.2780314319004
462.92650421749335
96.96288965283871
471.2463329287388
142.88084930667307
96.96288965283871
142.88084930667307
471.2463329287388
387.3156929220451
491.572611201891
462.92650421749335
387.3156929220451
142.88084930667307
387.3156929220451
446.4363014066358
462.92650421749335
491.572611201891
200.48329449216743
491.572611201891
446.4363014066358
467.02410549310855
446.4363014066358
471.2463329287388
462.92650421749335
471.2463329287388
446.4363014066358
462.92650421749335
462.92650421749335
446.4363014066358
96.96288965283871
142.88084930667307
387.3156929220451
491.572611201891
450.82650933891307
450.82650933891307
212.91197758622226
471.2463329287388
491.572611201891
446.4363014066358
446.4363014066358
142.88084930667307
462.92650421749335
462.92650421749335
446.4363014066358
142.88084930667307
450.82650933891307
467.02410549310855
462.92650421749335
96.96288965283871
471.2463329287388
471.2463329287388
212.91197758622226
471.2463329287388
467.02410549310855
142.88084930667307
450.82650933891307
471.2463329287388
96.96288965283871
212.91197758622226
142.88084930667307
446.4363014066358
387.3156929220451
471.2463329287388
450.82650933891307
462.92650421749335
471.2463329287388
212.91197758622226
467.02410549310855
462.92650421749335
462.92650421749335
450.82650933891307
462.92650421749335
142.88084930667307
142.88084930667307
212.91197758622226
462.92650421749335
142.88084930667307
450.82650933891307
96.96288965283871
450.82650933891307
137.9728767187845
137.9728767187845
471.2463329287388
462.92650421749335
462.92650421749335
212.91197758622226
142.88084930667307
142.88084930667307
212.91197758622226
137.9728767187845
450.82650933891307
142.88084930667307
491.572611201891
471.2463329287388
142.88084930667307
491.572611201891
96.96288965283871
446.4363014066358
471.2463329287388
427.2780314319004
471.2463329287388
427.2780314319004
387.3156929220451
471.2463329287388
467.02410549310855
471.2463329287388
471.2463329287388
462.92650421749335
471.2463329287388
137.9728767187845
137.9728767187845
387.3156929220451
427.2780314319004
137.9728767187845
427.2780314319004
462.92650421749335
491.572611201891
446.4363014066358
53.20268913856998
427.2780314319004
467.02410549310855
462.92650421749335
142.88084930667307
142.88084930667307
200.48329449216743
142.88084930667307
200.48329449216743
142.88084930667307
142.88084930667307
142.88084930667307
471.2463329287388
137.9728767187845
212.91197758622226
387.3156929220451
450.82650933891307
212.91197758622226
491.572611201891
462.92650421749335
212.91197758622226
96.96288965283871
450.82650933891307
200.48329449216743
200.48329449216743
427.2780314319004
212.91197758622226
212.91197758622226
471.2463329287388
491.572611201891
212.91197758622226
142.88084930667307
137.9728767187845
212.91197758622226
200.48329449216743
212.91197758622226
212.91197758622226
491.572611201891
212.91197758622226
142.88084930667307
137.9728767187845
200.48329449216743
446.4363014066358
387.3156929220451
462.92650421749335
491.572611201891
427.2780314319004
96.96288965283871
471.2463329287388
462.92650421749335
450.82650933891307
212.91197758622226
446.4363014066358
427.2780314319004
491.572611201891
212.91197758622226
387.3156929220451
400.6287590105872
427.2780314319004
446.4363014066358
137.9728767187845
142.88084930667307
212.91197758622226
471.2463329287388
96.96288965283871
200.48329449216743
446.4363014066358
96.96288965283871
200.48329449216743
137.9728767187845
446.4363014066358
491.572611201891
471.2463329287388
491.572611201891
491.572611201891
212.91197758622226
471.2463329287388
212.91197758622226
142.88084930667307
446.4363014066358
212.91197758622226
450.82650933891307
200.48329449216743
212.91197758622226
212.91197758622226
491.572611201891
491.572611201891
450.82650933891307
491.572611201891
212.91197758622226
446.4363014066358
142.88084930667307
450.82650933891307
96.96288965283871
427.2780314319004
491.572611201891
450.82650933891307
491.572611201891
427.2780314319004
200.48329449216743
446.4363014066358
491.572611201891
446.4363014066358
446.4363014066358
137.9728767187845
142.88084930667307
491.572611201891
212.91197758622226
53.20268913856998
212.91197758622226
53.20268913856998
446.4363014066358
491.572611201891
450.82650933891307
446.4363014066358
462.92650421749335
450.82650933891307
446.4363014066358
183.0504684628155
450.82650933891307
53.20268913856998
446.4363014066358
200.48329449216743
137.9728767187845
137.9728767187845
491.572611201891
53.20268913856998
491.572611201891
53.20268913856998
450.82650933891307
491.572611201891
450.82650933891307
446.4363014066358
427.2780314319004
471.2463329287388
491.572611201891
491.572611201891
137.9728767187845
450.82650933891307
427.2780314319004
53.20268913856998
446.4363014066358
427.2780314319004
446.4363014066358
491.572611201891
450.82650933891307
427.2780314319004
137.9728767187845
450.82650933891307
462.92650421749335
446.4363014066358
212.91197758622226
137.9728767187845
212.91197758622226
450.82650933891307
446.4363014066358
446.4363014066358
450.82650933891307
491.572611201891
462.92650421749335
491.572611201891
200.48329449216743
446.4363014066358
200.48329449216743
137.9728767187845
400.6287590105872
450.82650933891307
200.48329449216743
446.4363014066358
212.91197758622226
450.82650933891307
400.6287590105872
142.88084930667307
400.6287590105872
200.48329449216743
462.92650421749335
137.9728767187845
446.4363014066358
450.82650933891307
491.572611201891
450.82650933891307
400.6287590105872
400.6287590105872
450.82650933891307
427.2780314319004
471.2463329287388
400.6287590105872
427.2780314319004
446.4363014066358