P:49 ku:0.5 kw:0.9 ka:0.0 kd:0.0 N:10000 F:2270 KMC:1000 
224.9241623502321
224.9241623502321
224.9241623502321
224.9241623502321
224.9241623502321
224.9241623502321
224.9241623502321
146.26785630255563
146.26785630255563
224.9241623502321
146.26785630255563
224.9241623502321
146.26785630255563
224.9241623502321
224.9241623502321
146.26785630255563
224.9241623502321
224.9241623502321
146.26785630255563
146.26785630255563
224.9241623502321
146.26785630255563
224.9241623502321
146.26785630255563
224.9241623502321
224.9241623502321
224.9241623502321
146.26785630255563
224.9241623502321
146.26785630255563
146.26785630255563
146.26785630255563
224.9241623502321
224.9241623502321
224.9241623502321
224.9241623502321
200.118856354768
224.9241623502321
146.26785630255563
146.26785630255563
200.118856354768
224.9241623502321
146.26785630255563
224.9241623502321
146.26785630255563
146.26785630255563
146.26785630255563
224.9241623502321
224.9241623502321
146.26785630255563
224.9241623502321
224.9241623502321
146.26785630255563
224.9241623502321
224.9241623502321
200.118856354768
200.118856354768
224.9241623502321
200.118856354768
146.26785630255563
146.26785630255563
224.9241623502321
146.26785630255563
146.26785630255563
146.26785630255563
200.118856354768
200.118856354768
146.26785630255563
200.118856354768
146.26785630255563
200.118856354768
200.118856354768
146.26785630255563
224.9241623502321
224.9241623502321
146.26785630255563
146.26785630255563
224.9241623502321
200.118856354768
146.26785630255563
146.26785630255563
224.9241623502321
200.118856354768
200.118856354768
146.26785630255563
224.9241623502321
146.26785630255563
200.118856354768
224.9241623502321
200.118856354768
200.118856354768
200.118856354768
146.26785630255563
146.26785630255563
200.118856354768
200.118856354768
146.26785630255563
200.118856354768
189.45681059543196
200.118856354768
224.9241623502321
224.9241623502321
224.9241623502321
200.118856354768
189.45681059543196
224.9241623502321
189.45681059543196
146.26785630255563
200.118856354768
224.9241623502321
189.45681059543196
200.118856354768
200.118856354768
200.118856354768
224.9241623502321
200.118856354768
189.45681059543196
146.26785630255563
189.45681059543196
189.45681059543196
189.45681059543196
200.118856354768
189.45681059543196
146.26785630255563
146.26785630255563
146.26785630255563
200.118856354768
200.118856354768
200.118856354768
146.26785630255563
189.45681059543196
200.118856354768
200.118856354768
189.45681059543196
189.45681059543196
224.9241623502321
189.45681059543196
200.118856354768
189.45681059543196
189.45681059543196
199.9845047807485
189.45681059543196
189.45681059543196
200.118856354768
200.118856354768
199.9845047807485
189.45681059543196
189.45681059543196
200.118856354768
199.9845047807485
200.118856354768
189.45681059543196
224.9241623502321
146.26785630255563
189.45681059543196
146.26785630255563
189.45681059543196
189.45681059543196
199.9845047807485
146.26785630255563
199.9845047807485
189.45681059543196
199.9845047807485
199.9845047807485
189.45681059543196
189.45681059543196
200.118856354768
200.118856354768
199.9845047807485
199.9845047807485
189.45681059543196
199.9845047807485
189.45681059543196
189.45681059543196
200.118856354768
200.118856354768
199.9845047807485
200.118856354768
199.9845047807485
189.45681059543196
146.26785630255563
200.118856354768
189.45681059543196
189.45681059543196
189.45681059543196
200.118856354768
199.9845047807485
199.9845047807485
199.9845047807485
199.9845047807485
199.9845047807485
199.9845047807485
189.45681059543196
199.9845047807485
199.9845047807485
189.45681059543196
199.9845047807485
200.118856354768
199.9845047807485
189.45681059543196
189.45681059543196
189.45681059543196
199.9845047807485
189.45681059543196
189.45681059543196
199.9845047807485
200.118856354768
199.9845047807485
199.9845047807485
200.118856354768
189.45681059543196
199.9845047807485
199.9845047807485
199.9845047807485
189.45681059543196
189.45681059543196
199.9845047807485
199.9845047807485
199.9845047807485
189.45681059543196
199.9845047807485
199.9845047807485
189.45681059543196
199.9845047807485
199.9845047807485
199.9845047807485
199.9845047807485
189.45681059543196
199.9845047807485
199.9845047807485
199.9845047807485
189.45681059543196
189.45681059543196
199.9845047807485
199.9845047807485
199.9845047807485
199.9845047807485
199.9845047807485
199.9845047807485
199.9845047807485
407.5759952872649
407.5759952872649
112.68921383357534
407.5759952872649
407.5759952872649
112.68921383357534
169.73873630361598
407.5759952872649
407.5759952872649
407.5759952872649
407.5759952872649
112.68921383357534
407.5759952872649
407.5759952872649
407.5759952872649
112.68921383357534
407.5759952872649
169.73873630361598
112.68921383357534
112.68921383357534
112.68921383357534
407.5759952872649
407.5759952872649
169.73873630361598
407.5759952872649
112.68921383357534
407.5759952872649
407.5759952872649
112.68921383357534
112.68921383357534
407.5759952872649
407.5759952872649
112.68921383357534
169.73873630361598
112.68921383357534
407.5759952872649
112.68921383357534
169.73873630361598
407.5759952872649
407.5759952872649
112.68921383357534
407.5759952872649
169.73873630361598
169.73873630361598
407.5759952872649
407.5759952872649
112.68921383357534
112.68921383357534
169.73873630361598
112.68921383357534
407.5759952872649
169.73873630361598
112.68921383357534
169.73873630361598
169.73873630361598
407.5759952872649
169.73873630361598
407.5759952872649
169.73873630361598
169.73873630361598
407.5759952872649
112.68921383357534
112.68921383357534
112.68921383357534
112.68921383357534
112.68921383357534
112.68921383357534
169.73873630361598
169.73873630361598
407.5759952872649
407.5759952872649
169.73873630361598
112.68921383357534
169.73873630361598
407.5759952872649
169.73873630361598
407.5759952872649
407.5759952872649
112.68921383357534
169.73873630361598
407.5759952872649
169.73873630361598
112.68921383357534
169.73873630361598
112.68921383357534
169.73873630361598
169.73873630361598
112.68921383357534
112.68921383357534
169.73873630361598
407.5759952872649
407.5759952872649
169.73873630361598
122.45789072913844
407.5759952872649
112.68921383357534
112.68921383357534
169.73873630361598
112.68921383357534
122.45789072913844
122.45789072913844
169.73873630361598
169.73873630361598
122.45789072913844
112.68921383357534
112.68921383357534
122.45789072913844
407.5759952872649
112.68921383357534
112.68921383357534
122.45789072913844
122.45789072913844
169.73873630361598
122.45789072913844
169.73873630361598
122.45789072913844
122.45789072913844
169.73873630361598
122.45789072913844
407.5759952872649
407.5759952872649
169.73873630361598
407.5759952872649
122.45789072913844
407.5759952872649
112.68921383357534
169.73873630361598
112.68921383357534
407.5759952872649
122.45789072913844
169.73873630361598
169.73873630361598
122.45789072913844
122.45789072913844
122.45789072913844
169.73873630361598
122.45789072913844
112.68921383357534
122.45789072913844
407.5759952872649
122.45789072913844
407.5759952872649
112.68921383357534
122.45789072913844
169.73873630361598
112.68921383357534
122.45789072913844
112.68921383357534
122.45789072913844
169.73873630361598
122.45789072913844
122.45789072913844
122.45789072913844
122.45789072913844
112.68921383357534
169.73873630361598
169.73873630361598
122.45789072913844
169.73873630361598
407.5759952872649
169.73873630361598
122.45789072913844
112.68921383357534
122.45789072913844
112.68921383357534
112.68921383357534
169.73873630361598
169.73873630361598
122.45789072913844
122.45789072913844
122.45789072913844
202.42517873619343
169.73873630361598
122.45789072913844
169.73873630361598
122.45789072913844
122.45789072913844
122.45789072913844
122.45789072913844
122.45789072913844
202.42517873619343
122.45789072913844
407.5759952872649
122.45789072913844
122.45789072913844
122.45789072913844
202.42517873619343
202.42517873619343
112.68921383357534
122.45789072913844
122.45789072913844
202.42517873619343
169.73873630361598
122.45789072913844
202.42517873619343
122.45789072913844
202.42517873619343
122.45789072913844
202.42517873619343
202.42517873619343
202.42517873619343
202.42517873619343
202.42517873619343
202.42517873619343
202.42517873619343
202.42517873619343
202.42517873619343
202.42517873619343
202.42517873619343
202.42517873619343
202.42517873619343
202.42517873619343
202.42517873619343
202.42517873619343
202.42517873619343
202.42517873619343
202.42517873619343
202.42517873619343
202.42517873619343
202.42517873619343
202.42517873619343
202.42517873619343
202.42517873619343
122.45789072913844
202.42517873619343
202.42517873619343
202.42517873619343
202.42517873619343
202.42517873619343
101.4365119118344
202.42517873619343
202.42517873619343
101.4365119118344
202.42517873619343
202.42517873619343
202.42517873619343
194.12550524642324
202.42517873619343
202.42517873619343
194.12550524642324
101.4365119118344
202.42517873619343
101.4365119118344
101.4365119118344
101.4365119118344
202.42517873619343
101.4365119118344
194.12550524642324
101.4365119118344
101.4365119118344
194.12550524642324
101.4365119118344
194.12550524642324
194.12550524642324
101.4365119118344
425.9743717755471
101.4365119118344
202.42517873619343
101.4365119118344
101.4365119118344
194.12550524642324
194.12550524642324
194.12550524642324
202.42517873619343
101.4365119118344
101.4365119118344
101.4365119118344
101.4365119118344
194.12550524642324
425.9743717755471
425.9743717755471
194.12550524642324
194.12550524642324
194.12550524642324
101.4365119118344
101.4365119118344
194.12550524642324
101.4365119118344
194.12550524642324
309.0907793326175
194.12550524642324
101.4365119118344
194.12550524642324
194.12550524642324
101.4365119118344
425.9743717755471
101.4365119118344
101.4365119118344
309.0907793326175
309.0907793326175
101.4365119118344
101.4365119118344
194.12550524642324
194.12550524642324
194.12550524642324
101.4365119118344
194.12550524642324
425.9743717755471
101.4365119118344
194.12550524642324
194.12550524642324
425.9743717755471
194.12550524642324
309.0907793326175
194.12550524642324
425.9743717755471
425.9743717755471
194.12550524642324
101.4365119118344
425.9743717755471
309.0907793326175
194.12550524642324
425.9743717755471
425.9743717755471
101.4365119118344
101.4365119118344
425.9743717755471
101.4365119118344
101.4365119118344
309.0907793326175
309.0907793326175
101.4365119118344
425.9743717755471
194.12550524642324
309.0907793326175
309.0907793326175
425.9743717755471
425.9743717755471
425.9743717755471
425.9743717755471
309.0907793326175
309.0907793326175
425.9743717755471
425.9743717755471
309.0907793326175
425.9743717755471
101.4365119118344
194.12550524642324
101.4365119118344
309.0907793326175
101.4365119118344
425.9743717755471
425.9743717755471
425.9743717755471
194.12550524642324
194.12550524642324
194.12550524642324
194.12550524642324
309.0907793326175
425.9743717755471
309.0907793326175
269.9328027832606
101.4365119118344
309.0907793326175
194.12550524642324
309.0907793326175
101.4365119118344
425.9743717755471
269.9328027832606
194.12550524642324
309.0907793326175
309.0907793326175
309.0907793326175
194.12550524642324
101.4365119118344
101.4365119118344
101.4365119118344
309.0907793326175
309.0907793326175
269.9328027832606
269.9328027832606
425.9743717755471
425.9743717755471
194.12550524642324
309.0907793326175
194.12550524642324
101.4365119118344
194.12550524642324
425.9743717755471
309.0907793326175
194.12550524642324
194.12550524642324
194.12550524642324
101.4365119118344
425.9743717755471
425.9743717755471
309.0907793326175
309.0907793326175
194.12550524642324
309.0907793326175
309.0907793326175
194.12550524642324
425.9743717755471
425.9743717755471
425.9743717755471
309.0907793326175
425.9743717755471
425.9743717755471
425.9743717755471
269.9328027832606
269.9328027832606
101.4365119118344
425.9743717755471
269.9328027832606
425.9743717755471
309.0907793326175
309.0907793326175
425.9743717755471
269.9328027832606
425.9743717755471
309.0907793326175
309.0907793326175
309.0907793326175
309.0907793326175
101.4365119118344
309.0907793326175
425.9743717755471
425.9743717755471
269.9328027832606
309.0907793326175
309.0907793326175
309.0907793326175
269.9328027832606
309.0907793326175
101.4365119118344
269.9328027832606
425.9743717755471
194.12550524642324
194.12550524642324
269.9328027832606
194.12550524642324
309.0907793326175
269.9328027832606
269.9328027832606
425.9743717755471
269.9328027832606
269.9328027832606
269.9328027832606
309.0907793326175
309.0907793326175
269.9328027832606
425.9743717755471
269.9328027832606
309.0907793326175
269.9328027832606
269.9328027832606
269.9328027832606
269.9328027832606
269.9328027832606
309.0907793326175
269.9328027832606
269.9328027832606
269.9328027832606
269.9328027832606
269.9328027832606
269.9328027832606
425.9743717755471
269.9328027832606
269.9328027832606
425.9743717755471
425.9743717755471
269.9328027832606
309.0907793326175
269.9328027832606
14.401846421953994
309.0907793326175
14.401846421953994
269.9328027832606
269.9328027832606
269.9328027832606
14.401846421953994
309.0907793326175
269.9328027832606
269.9328027832606
269.9328027832606
269.9328027832606
269.9328027832606
269.9328027832606
389.51737122163564
389.51737122163564
269.9328027832606
14.401846421953994
14.401846421953994
389.51737122163564
14.401846421953994
14.401846421953994
389.51737122163564
14.401846421953994
269.9328027832606
14.401846421953994
389.51737122163564
14.401846421953994
14.401846421953994
269.9328027832606
14.401846421953994
14.401846421953994
14.401846421953994
14.401846421953994
389.51737122163564
14.401846421953994
14.401846421953994
14.401846421953994
14.401846421953994
269.9328027832606
14.401846421953994
14.401846421953994
389.51737122163564
389.51737122163564
269.9328027832606
14.401846421953994
389.51737122163564
14.401846421953994
389.51737122163564
14.401846421953994
14.401846421953994
14.401846421953994
389.51737122163564
14.401846421953994
14.401846421953994
14.401846421953994
14.401846421953994
14.401846421953994
389.51737122163564
389.51737122163564
14.401846421953994
389.51737122163564
389.51737122163564
389.51737122163564
389.51737122163564
389.51737122163564
389.51737122163564
389.51737122163564
389.51737122163564
389.51737122163564
14.401846421953994
14.401846421953994
14.401846421953994
389.51737122163564
389.51737122163564
14.401846421953994
389.51737122163564
389.51737122163564
389.51737122163564
14.401846421953994
389.51737122163564
14.401846421953994
389.51737122163564
389.51737122163564
14.401846421953994
14.401846421953994
14.401846421953994
389.51737122163564
389.51737122163564
510.0863454539523
14.401846421953994
241.37440241485325
389.51737122163564
389.51737122163564
389.51737122163564
389.51737122163564
14.401846421953994
389.51737122163564
14.401846421953994
389.51737122163564
14.401846421953994
510.0863454539523
389.51737122163564
510.0863454539523
389.51737122163564
389.51737122163564
241.37440241485325
389.51737122163564
241.37440241485325
510.0863454539523
389.51737122163564
14.401846421953994
14.401846421953994
389.51737122163564
510.0863454539523
241.37440241485325
389.51737122163564
510.0863454539523
510.0863454539523
510.0863454539523
241.37440241485325
14.401846421953994
241.37440241485325
241.37440241485325
389.51737122163564
241.37440241485325
510.0863454539523
510.0863454539523
510.0863454539523
510.0863454539523
510.0863454539523
510.0863454539523
510.0863454539523
241.37440241485325
241.37440241485325
510.0863454539523
241.37440241485325
389.51737122163564
241.37440241485325
389.51737122163564
434.8807236136559
241.37440241485325
510.0863454539523
510.0863454539523
510.0863454539523
241.37440241485325
510.0863454539523
241.37440241485325
510.0863454539523
510.0863454539523
241.37440241485325
434.8807236136559
241.37440241485325
241.37440241485325
510.0863454539523
241.37440241485325
241.37440241485325
241.37440241485325
241.37440241485325
510.0863454539523
510.0863454539523
510.0863454539523
510.0863454539523
241.37440241485325
510.0863454539523
510.0863454539523
510.0863454539523
510.0863454539523
241.37440241485325
241.37440241485325
241.37440241485325
241.37440241485325
241.37440241485325
241.37440241485325
510.0863454539523
510.0863454539523
241.37440241485325
241.37440241485325
241.37440241485325
510.0863454539523
510.0863454539523
241.37440241485325
510.0863454539523
510.0863454539523
434.8807236136559
434.8807236136559
434.8807236136559
434.8807236136559
510.0863454539523
241.37440241485325
510.0863454539523
510.0863454539523
434.8807236136559
434.8807236136559
241.37440241485325
241.37440241485325
510.0863454539523
241.37440241485325
241.37440241485325
510.0863454539523
510.0863454539523
241.37440241485325
241.37440241485325
434.8807236136559
510.0863454539523
510.0863454539523
241.37440241485325
241.37440241485325
434.8807236136559
241.37440241485325
241.37440241485325
241.37440241485325
434.8807236136559
434.8807236136559
434.8807236136559
434.8807236136559
434.8807236136559
434.8807236136559
237.15702848749504
434.8807236136559
434.8807236136559
434.8807236136559
434.8807236136559
434.8807236136559
510.0863454539523
237.15702848749504
434.8807236136559
510.0863454539523
434.8807236136559
241.37440241485325
434.8807236136559
434.8807236136559
434.8807236136559
442.45232308324813
434.8807236136559
510.0863454539523
241.37440241485325
241.37440241485325
434.8807236136559
442.45232308324813
434.8807236136559
370.16711841340043
434.8807236136559
434.8807236136559
434.8807236136559
370.16711841340043
434.8807236136559
434.8807236136559
434.8807236136559
434.8807236136559
434.8807236136559
434.8807236136559
434.8807236136559
397.31239011023354
237.15702848749504
434.8807236136559
434.8807236136559
434.8807236136559
237.15702848749504
397.31239011023354
237.15702848749504
434.8807236136559
434.8807236136559
237.15702848749504
442.45232308324813
237.15702848749504
434.8807236136559
237.15702848749504
370.16711841340043
237.15702848749504
442.45232308324813
237.15702848749504
237.15702848749504
397.31239011023354
442.45232308324813
237.15702848749504
434.8807236136559
442.45232308324813
370.16711841340043
237.15702848749504
237.15702848749504
370.16711841340043
193.91159891487828
442.45232308324813
442.45232308324813
237.15702848749504
434.8807236136559
237.15702848749504
193.91159891487828
237.15702848749504
370.16711841340043
237.15702848749504
397.31239011023354
442.45232308324813
237.15702848749504
237.15702848749504
434.8807236136559
442.45232308324813
237.15702848749504
397.31239011023354
237.15702848749504
370.16711841340043
370.16711841340043
370.16711841340043
442.45232308324813
237.15702848749504
442.45232308324813
237.15702848749504
237.15702848749504
237.15702848749504
397.31239011023354
237.15702848749504
134.98844489828073
442.45232308324813
237.15702848749504
397.31239011023354
370.16711841340043
370.16711841340043
237.15702848749504
237.15702848749504
134.98844489828073
397.31239011023354
237.15702848749504
237.15702848749504
370.16711841340043
442.45232308324813
442.45232308324813
442.45232308324813
370.16711841340043
442.45232308324813
459.99497804668687
237.15702848749504
442.45232308324813
442.45232308324813
442.45232308324813
442.45232308324813
237.15702848749504
397.31239011023354
397.31239011023354
370.16711841340043
237.15702848749504
442.45232308324813
237.15702848749504
397.31239011023354
237.15702848749504
348.03866905920836
442.45232308324813
397.31239011023354
370.16711841340043
370.16711841340043
397.31239011023354
442.45232308324813
237.15702848749504
370.16711841340043
442.45232308324813
442.45232308324813
459.99497804668687
237.15702848749504
370.16711841340043
193.91159891487828
237.15702848749504
370.16711841340043
370.16711841340043
442.45232308324813
237.15702848749504
397.31239011023354
397.31239011023354
397.31239011023354
370.16711841340043
397.31239011023354
370.16711841340043
442.45232308324813
193.91159891487828
442.45232308324813
442.45232308324813
348.03866905920836
397.31239011023354
370.16711841340043
442.45232308324813
370.16711841340043
370.16711841340043
370.16711841340043
370.16711841340043
442.45232308324813
397.31239011023354
442.45232308324813
397.31239011023354
370.16711841340043
397.31239011023354
397.31239011023354
370.16711841340043
397.31239011023354
134.98844489828073
442.45232308324813
442.45232308324813
370.16711841340043
370.16711841340043
237.15702848749504
442.45232308324813
370.16711841340043
193.91159891487828
397.31239011023354
442.45232308324813
442.45232308324813
397.31239011023354
397.31239011023354
397.31239011023354
193.91159891487828
193.91159891487828
370.16711841340043
397.31239011023354
442.45232308324813
370.16711841340043
193.91159891487828
442.45232308324813
397.31239011023354
397.31239011023354
370.16711841340043
370.16711841340043
370.16711841340043
370.16711841340043
370.16711841340043
237.15702848749504
134.98844489828073
397.31239011023354
459.99497804668687
237.15702848749504
442.45232308324813
397.31239011023354
134.98844489828073
442.45232308324813
370.16711841340043
134.98844489828073
397.31239011023354
193.91159891487828
193.91159891487828
193.91159891487828
397.31239011023354
370.16711841340043
370.16711841340043
397.31239011023354
237.15702848749504
397.31239011023354
397.31239011023354
397.31239011023354
134.98844489828073
210.56252252467985
397.31239011023354
459.99497804668687
237.15702848749504
134.98844489828073
348.03866905920836
397.31239011023354
397.31239011023354
442.45232308324813
397.31239011023354
193.91159891487828
193.91159891487828
193.91159891487828
459.99497804668687
459.99497804668687
193.91159891487828
193.91159891487828
134.98844489828073
193.91159891487828
442.45232308324813
134.98844489828073
193.91159891487828
459.99497804668687
348.03866905920836
193.91159891487828
193.91159891487828
348.03866905920836
459.99497804668687
459.99497804668687
370.16711841340043
237.15702848749504
442.45232308324813
210.56252252467985
193.91159891487828
134.98844489828073
348.03866905920836
193.91159891487828
193.91159891487828
370.16711841340043
459.99497804668687
193.91159891487828
193.91159891487828
442.45232308324813
134.98844489828073
348.03866905920836
134.98844489828073
348.03866905920836
193.91159891487828
193.91159891487828
348.03866905920836
397.31239011023354
193.91159891487828
193.91159891487828
370.16711841340043
193.91159891487828
442.45232308324813
134.98844489828073
134.98844489828073
193.91159891487828
397.31239011023354
459.99497804668687
134.98844489828073
134.98844489828073
459.99497804668687
370.16711841340043
348.03866905920836
237.15702848749504
459.99497804668687
370.16711841340043
193.91159891487828
459.99497804668687
134.98844489828073
193.91159891487828
193.91159891487828
193.91159891487828
193.91159891487828
134.98844489828073
193.91159891487828
397.31239011023354
459.99497804668687
459.99497804668687
134.98844489828073
134.98844489828073
210.56252252467985
134.98844489828073
134.98844489828073
348.03866905920836
459.99497804668687
348.03866905920836
134.98844489828073
348.03866905920836
134.98844489828073
134.98844489828073
134.98844489828073
134.98844489828073
134.98844489828073
348.03866905920836
134.98844489828073
348.03866905920836
397.31239011023354
193.91159891487828
397.31239011023354
459.99497804668687
193.91159891487828
193.91159891487828
348.03866905920836
134.98844489828073
459.99497804668687
459.99497804668687
459.99497804668687
459.99497804668687
134.98844489828073
134.98844489828073
134.98844489828073
193.91159891487828
348.03866905920836
459.99497804668687
134.98844489828073
193.91159891487828
442.45232308324813
459.99497804668687
348.03866905920836
459.99497804668687
134.98844489828073
459.99497804668687
459.99497804668687
459.99497804668687
370.16711841340043
459.99497804668687
210.56252252467985
348.03866905920836
348.03866905920836
348.03866905920836
397.31239011023354
459.99497804668687
348.03866905920836
348.03866905920836
348.03866905920836
134.98844489828073
459.99497804668687
134.98844489828073
348.03866905920836
459.99497804668687
459.99497804668687
459.99497804668687
459.99497804668687
348.03866905920836
459.99497804668687
210.56252252467985
348.03866905920836
348.03866905920836
459.99497804668687
348.03866905920836
348.03866905920836
134.98844489828073
210.56252252467985
210.56252252467985
348.03866905920836
193.91159891487828
459.99497804668687
348.03866905920836
134.98844489828073
210.56252252467985
348.03866905920836
134.98844489828073
210.56252252467985
348.03866905920836
210.56252252467985
348.03866905920836
193.91159891487828
459.99497804668687
210.56252252467985
134.98844489828073
348.03866905920836
459.99497804668687
193.91159891487828
348.03866905920836
459.99497804668687
459.99497804668687
348.03866905920836
193.91159891487828
210.56252252467985
210.56252252467985
210.56252252467985
210.56252252467985
348.03866905920836
134.98844489828073
210.56252252467985
210.56252252467985
348.03866905920836
210.56252252467985
134.98844489828073
348.03866905920836
348.03866905920836
459.99497804668687
210.56252252467985
210.56252252467985
210.56252252467985
482.2654520979761
348.03866905920836
134.98844489828073
134.98844489828073
193.91159891487828
210.56252252467985
210.56252252467985
210.56252252467985
459.99497804668687
482.2654520979761
193.91159891487828
210.56252252467985
210.56252252467985
459.99497804668687
210.56252252467985
210.56252252467985
459.99497804668687
210.56252252467985
210.56252252467985
348.03866905920836
210.56252252467985
210.56252252467985
210.56252252467985
210.56252252467985
348.03866905920836
134.98844489828073
210.56252252467985
482.2654520979761
210.56252252467985
459.99497804668687
210.56252252467985
210.56252252467985
348.03866905920836
210.56252252467985
210.56252252467985
348.03866905920836
294.5922239418267
62.203226613494515
134.98844489828073
210.56252252467985
210.56252252467985
294.5922239418267
459.99497804668687
210.56252252467985
62.203226613494515
348.03866905920836
294.5922239418267
62.203226613494515
482.2654520979761
210.56252252467985
482.2654520979761
210.56252252467985
482.2654520979761
482.2654520979761
482.2654520979761
482.2654520979761
482.2654520979761
482.2654520979761
482.2654520979761
482.2654520979761
210.56252252467985
482.2654520979761
482.2654520979761
210.56252252467985
482.2654520979761
482.2654520979761
482.2654520979761
482.2654520979761
482.2654520979761
482.2654520979761
482.2654520979761
482.2654520979761
482.2654520979761
294.5922239418267
294.5922239418267
294.5922239418267
482.2654520979761
294.5922239418267
482.2654520979761
294.5922239418267
210.56252252467985
294.5922239418267
294.5922239418267
294.5922239418267
62.203226613494515
294.5922239418267
62.203226613494515
62.203226613494515
62.203226613494515
482.2654520979761
294.5922239418267
62.203226613494515
294.5922239418267
62.203226613494515
482.2654520979761
482.2654520979761
482.2654520979761
294.5922239418267
482.2654520979761
62.203226613494515
482.2654520979761
482.2654520979761
62.203226613494515
62.203226613494515
294.5922239418267
482.2654520979761
294.5922239418267
294.5922239418267
62.203226613494515
62.203226613494515
482.2654520979761
87.22786945014107
62.203226613494515
482.2654520979761
482.2654520979761
62.203226613494515
62.203226613494515
62.203226613494515
482.2654520979761
482.2654520979761
482.2654520979761
294.5922239418267
62.203226613494515
294.5922239418267
482.2654520979761
294.5922239418267
62.203226613494515
294.5922239418267
294.5922239418267
482.2654520979761
482.2654520979761
62.203226613494515
87.22786945014107
294.5922239418267
294.5922239418267
294.5922239418267
62.203226613494515
62.203226613494515
294.5922239418267
294.5922239418267
62.203226613494515
294.5922239418267
62.203226613494515
294.5922239418267
294.5922239418267
62.203226613494515
294.5922239418267
62.203226613494515
62.203226613494515
294.5922239418267
294.5922239418267
294.5922239418267
62.203226613494515
294.5922239418267
294.5922239418267
62.203226613494515
62.203226613494515
294.5922239418267
62.203226613494515
62.203226613494515
294.5922239418267
62.203226613494515
62.203226613494515
62.203226613494515
62.203226613494515
294.5922239418267
482.2654520979761
62.203226613494515
62.203226613494515
294.5922239418267
482.2654520979761
294.5922239418267
62.203226613494515
87.22786945014107
62.203226613494515
294.5922239418267
62.203226613494515
62.203226613494515
482.2654520979761
482.2654520979761
87.22786945014107
294.5922239418267
294.5922239418267
62.203226613494515
482.2654520979761
62.203226613494515
294.5922239418267
87.22786945014107
87.22786945014107
87.22786945014107
87.22786945014107
62.203226613494515
87.22786945014107
87.22786945014107
87.22786945014107
87.22786945014107
87.22786945014107
87.22786945014107
87.22786945014107
87.22786945014107
87.22786945014107
87.22786945014107
87.22786945014107
87.22786945014107
87.22786945014107
87.22786945014107
87.22786945014107
87.22786945014107
294.5922239418267
87.22786945014107
62.203226613494515
87.22786945014107
87.22786945014107
10.747032230539407
87.22786945014107
87.22786945014107
87.22786945014107
87.22786945014107
87.22786945014107
294.5922239418267
87.22786945014107
10.747032230539407
87.22786945014107
87.22786945014107
87.22786945014107
87.22786945014107
87.22786945014107
87.22786945014107
62.203226613494515
87.22786945014107
87.22786945014107
87.22786945014107
87.22786945014107
87.22786945014107
87.22786945014107
10.747032230539407
87.22786945014107
10.747032230539407
203.902812788722
203.902812788722
10.747032230539407
10.747032230539407
10.747032230539407
10.747032230539407
10.747032230539407
10.747032230539407
10.747032230539407
10.747032230539407
10.747032230539407
10.747032230539407
10.747032230539407
10.747032230539407
10.747032230539407
10.747032230539407
10.747032230539407
87.22786945014107
10.747032230539407
10.747032230539407
10.747032230539407
10.747032230539407
10.747032230539407
10.747032230539407
10.747032230539407
10.747032230539407
10.747032230539407
10.747032230539407
10.747032230539407
10.747032230539407
10.747032230539407
10.747032230539407
10.747032230539407
10.747032230539407
203.902812788722
87.22786945014107
10.747032230539407
10.747032230539407
10.747032230539407
203.902812788722
203.902812788722
203.902812788722
203.902812788722
203.902812788722
203.902812788722
10.747032230539407
203.902812788722
10.747032230539407
203.902812788722
203.902812788722
10.747032230539407
203.902812788722
203.902812788722
10.747032230539407
203.902812788722
203.902812788722
203.902812788722
203.902812788722
203.902812788722
203.902812788722
203.902812788722
10.747032230539407
203.902812788722
203.902812788722
203.902812788722
10.747032230539407
203.902812788722
10.747032230539407
203.902812788722
203.902812788722
203.902812788722
203.902812788722
203.902812788722
203.902812788722
203.902812788722
203.902812788722
203.902812788722
203.902812788722
10.747032230539407
203.902812788722
203.902812788722
203.902812788722
203.902812788722
203.902812788722
203.902812788722
203.902812788722
203.902812788722
10.747032230539407
203.902812788722
203.902812788722
203.902812788722
10.747032230539407
370.54541888045543
370.54541888045543
370.54541888045543
203.902812788722
408.9307011274159
370.54541888045543
408.9307011274159
370.54541888045543
370.54541888045543
370.54541888045543
370.54541888045543
370.54541888045543
370.54541888045543
370.54541888045543
370.54541888045543
370.54541888045543
203.902812788722
370.54541888045543
370.54541888045543
370.54541888045543
370.54541888045543
370.54541888045543
476.015735482174
370.54541888045543
476.015735482174
370.54541888045543
370.54541888045543
370.54541888045543
408.9307011274159
370.54541888045543
408.9307011274159
370.54541888045543
408.9307011274159
370.54541888045543
370.54541888045543
370.54541888045543
370.54541888045543
370.54541888045543
370.54541888045543
408.9307011274159
370.54541888045543
408.9307011274159
408.9307011274159
408.9307011274159
370.54541888045543
370.54541888045543
408.9307011274159
408.9307011274159
370.54541888045543
408.9307011274159
408.9307011274159
408.9307011274159
408.9307011274159
476.015735482174
370.54541888045543
408.9307011274159
408.9307011274159
408.9307011274159
476.015735482174
408.9307011274159
370.54541888045543
370.54541888045543
370.54541888045543
408.9307011274159
408.9307011274159
408.9307011274159
408.9307011274159
476.015735482174
408.9307011274159
370.54541888045543
476.015735482174
370.54541888045543
408.9307011274159
476.015735482174
370.54541888045543
408.9307011274159
408.9307011274159
476.015735482174
476.015735482174
476.015735482174
476.015735482174
408.9307011274159
408.9307011274159
476.015735482174
476.015735482174
408.9307011274159
408.9307011274159
476.015735482174
476.015735482174
408.9307011274159
476.015735482174
408.9307011274159
476.015735482174
408.9307011274159
408.9307011274159
476.015735482174
370.54541888045543
370.54541888045543
476.015735482174
370.54541888045543
476.015735482174
408.9307011274159
476.015735482174
476.015735482174
476.015735482174
476.015735482174
408.9307011274159
408.9307011274159
476.015735482174
476.015735482174
476.015735482174
476.015735482174
408.9307011274159
408.9307011274159
476.015735482174
476.015735482174
188.33815519667792
476.015735482174
476.015735482174
408.9307011274159
476.015735482174
187.278129481835
476.015735482174
476.015735482174
188.33815519667792
370.54541888045543
187.278129481835
370.54541888045543
408.9307011274159
466.7546233052534
476.015735482174
466.7546233052534
476.015735482174
476.015735482174
408.9307011274159
476.015735482174
370.54541888045543
476.015735482174
408.9307011274159
476.015735482174
188.33815519667792
188.33815519667792
408.9307011274159
476.015735482174
187.278129481835
187.278129481835
188.33815519667792
408.9307011274159
188.33815519667792
40.76511629678369
408.9307011274159
466.7546233052534
188.33815519667792
187.278129481835
370.54541888045543
201.78184764414976
466.7546233052534
188.33815519667792
187.278129481835
188.33815519667792
187.278129481835
476.015735482174
476.015735482174
466.7546233052534
187.278129481835
188.33815519667792
188.33815519667792
188.33815519667792
188.33815519667792
466.7546233052534
188.33815519667792
187.278129481835
187.278129481835
188.33815519667792
476.015735482174
466.7546233052534
187.278129481835
187.278129481835
187.278129481835
476.015735482174
466.7546233052534
187.278129481835
187.278129481835
476.015735482174
466.7546233052534
188.33815519667792
466.7546233052534
188.33815519667792
188.33815519667792
40.76511629678369
188.33815519667792
466.7546233052534
129.84987639665886
188.33815519667792
188.33815519667792
466.7546233052534
466.7546233052534
188.33815519667792
466.7546233052534
188.33815519667792
187.278129481835
187.278129481835
188.33815519667792
188.33815519667792
187.278129481835
187.278129481835
187.278129481835
187.278129481835
188.33815519667792
187.278129481835
188.33815519667792
187.278129481835
188.33815519667792
466.7546233052534
187.278129481835
188.33815519667792
408.9307011274159
466.7546233052534
466.7546233052534
188.33815519667792
188.33815519667792
187.278129481835
466.7546233052534
201.78184764414976
187.278129481835
466.7546233052534
187.278129481835
466.7546233052534
466.7546233052534
188.33815519667792
466.7546233052534
466.7546233052534
466.7546233052534
187.278129481835
40.76511629678369
188.33815519667792
187.278129481835
188.33815519667792
187.278129481835
40.76511629678369
466.7546233052534
187.278129481835
188.33815519667792
466.7546233052534
466.7546233052534
187.278129481835
187.278129481835
466.7546233052534
187.278129481835
187.278129481835
466.7546233052534
40.76511629678369
466.7546233052534
40.76511629678369
466.7546233052534
201.78184764414976
188.33815519667792
466.7546233052534
85.16987672151708
188.33815519667792
466.7546233052534
40.76511629678369
466.7546233052534
466.7546233052534
476.015735482174
40.76511629678369
86.81099916449756
187.278129481835
129.84987639665886
201.78184764414976
201.78184764414976
188.33815519667792
40.76511629678369
188.33815519667792
201.78184764414976
40.76511629678369
40.76511629678369
187.278129481835
188.33815519667792
466.7546233052534
187.278129481835
129.84987639665886
466.7546233052534
40.76511629678369
201.78184764414976
40.76511629678369
188.33815519667792
40.76511629678369
201.78184764414976
188.33815519667792
187.278129481835
40.76511629678369
40.76511629678369
201.78184764414976
129.84987639665886
40.76511629678369
187.278129481835
466.7546233052534
201.78184764414976
187.278129481835
129.84987639665886
201.78184764414976
129.84987639665886
40.76511629678369
187.278129481835
201.78184764414976
40.76511629678369
466.7546233052534
201.78184764414976
466.7546233052534
188.33815519667792
40.76511629678369
466.7546233052534
129.84987639665886
40.76511629678369
40.76511629678369
40.76511629678369
40.76511629678369
466.7546233052534
201.78184764414976
201.78184764414976
201.78184764414976
188.33815519667792
187.278129481835
129.84987639665886
187.278129481835
188.33815519667792
40.76511629678369
85.16987672151708
40.76511629678369
129.84987639665886
40.76511629678369
201.78184764414976
40.76511629678369
201.78184764414976
201.78184764414976
201.78184764414976
40.76511629678369
201.78184764414976
187.278129481835
40.76511629678369
466.7546233052534
129.84987639665886
40.76511629678369
466.7546233052534
129.84987639665886
201.78184764414976
201.78184764414976
201.78184764414976
466.7546233052534
40.76511629678369
188.33815519667792
188.33815519667792
201.78184764414976
40.76511629678369
40.76511629678369
201.78184764414976
86.81099916449756
201.78184764414976
129.84987639665886
201.78184764414976
85.16987672151708
201.78184764414976
201.78184764414976
129.84987639665886
201.78184764414976
187.278129481835
187.278129481835
40.76511629678369
85.16987672151708
129.84987639665886
129.84987639665886
466.7546233052534
129.84987639665886
86.81099916449756
201.78184764414976
40.76511629678369
129.84987639665886
129.84987639665886
85.16987672151708
86.81099916449756
40.76511629678369
86.81099916449756
201.78184764414976
129.84987639665886
129.84987639665886
466.7546233052534
129.84987639665886
85.16987672151708
129.84987639665886
201.78184764414976
129.84987639665886
85.16987672151708
85.16987672151708
40.76511629678369
86.81099916449756
40.76511629678369
86.81099916449756
201.78184764414976
201.78184764414976
40.76511629678369
86.81099916449756
129.84987639665886
129.84987639665886
129.84987639665886
129.84987639665886
129.84987639665886
129.84987639665886
201.78184764414976
129.84987639665886
85.16987672151708
85.16987672151708
86.81099916449756
40.76511629678369
86.81099916449756
129.84987639665886
129.84987639665886
201.78184764414976
85.16987672151708
85.16987672151708
201.78184764414976
86.81099916449756
129.84987639665886
40.76511629678369
85.16987672151708
40.76511629678369
40.76511629678369
86.81099916449756
85.16987672151708
129.84987639665886
86.81099916449756
201.78184764414976
188.33815519667792
86.81099916449756
201.78184764414976
187.278129481835
40.76511629678369
129.84987639665886
129.84987639665886
85.16987672151708
201.78184764414976
201.78184764414976
85.16987672151708
86.81099916449756
466.7546233052534
201.78184764414976
85.16987672151708
85.16987672151708
129.84987639665886
85.16987672151708
85.16987672151708
129.84987639665886
86.81099916449756
40.76511629678369
86.81099916449756
86.81099916449756
85.16987672151708
85.16987672151708
85.16987672151708
86.81099916449756
85.16987672151708
86.81099916449756
40.76511629678369
85.16987672151708
86.81099916449756
85.16987672151708
85.16987672151708
201.78184764414976
85.16987672151708
129.84987639665886
86.81099916449756
177.33271338512148
85.16987672151708
86.81099916449756
86.81099916449756
85.16987672151708
86.81099916449756
86.81099916449756
86.81099916449756
86.81099916449756
129.84987639665886
85.16987672151708
201.78184764414976
86.81099916449756
86.81099916449756
210.38276698796332
129.84987639665886
85.16987672151708
85.16987672151708
86.81099916449756
129.84987639665886
85.16987672151708
129.84987639665886
85.16987672151708
86.81099916449756
86.81099916449756
86.81099916449756
86.81099916449756
201.78184764414976
129.84987639665886
85.16987672151708
86.81099916449756
129.84987639665886
40.76511629678369
85.16987672151708
129.84987639665886
86.81099916449756
85.16987672151708
85.16987672151708
129.84987639665886
177.33271338512148
86.81099916449756
177.33271338512148
201.78184764414976
177.33271338512148
210.38276698796332
86.81099916449756
85.16987672151708
85.16987672151708
86.81099916449756
210.38276698796332
86.81099916449756
210.38276698796332
85.16987672151708
86.81099916449756
177.33271338512148
177.33271338512148
85.16987672151708
85.16987672151708
210.38276698796332
177.33271338512148
210.38276698796332
85.16987672151708
129.84987639665886
86.81099916449756
177.33271338512148
177.33271338512148
177.33271338512148
86.81099916449756
86.81099916449756
210.38276698796332
210.38276698796332
210.38276698796332
85.16987672151708
177.33271338512148
210.38276698796332
85.16987672151708
86.81099916449756
210.38276698796332
86.81099916449756
177.33271338512148
210.38276698796332
177.33271338512148
177.33271338512148
177.33271338512148
177.33271338512148
210.38276698796332
210.38276698796332
210.38276698796332
210.38276698796332
177.33271338512148
85.16987672151708
177.33271338512148
86.81099916449756
177.33271338512148
177.33271338512148
210.38276698796332
210.38276698796332
210.38276698796332
177.33271338512148
177.33271338512148
177.33271338512148
177.33271338512148
210.38276698796332
210.38276698796332
210.38276698796332
177.33271338512148
210.38276698796332
210.38276698796332
177.33271338512148
177.33271338512148
210.38276698796332
177.33271338512148
210.38276698796332
177.33271338512148
210.38276698796332
177.33271338512148
210.38276698796332
210.38276698796332
177.33271338512148
177.33271338512148
210.38276698796332