P:50 ku:0.5 kw:1.0 ka:0.0 kd:0.0 N:10000 F:860 KMC:1000 
200.14640410333539
200.14640410333539
200.14640410333539
200.14640410333539
200.14640410333539
200.14640410333539
200.14640410333539
200.14640410333539
200.14640410333539
200.14640410333539
200.14640410333539
200.14640410333539
200.14640410333539
200.14640410333539
200.14640410333539
200.14640410333539
200.14640410333539
200.14640410333539
200.14640410333539
200.14640410333539
200.14640410333539
200.14640410333539
200.14640410333539
200.14640410333539
200.14640410333539
200.14640410333539
200.14640410333539
200.14640410333539
200.14640410333539
200.14640410333539
200.14640410333539
200.14640410333539
200.14640410333539
200.14640410333539
200.14640410333539
200.14640410333539
200.14640410333539
200.14640410333539
200.14640410333539
200.14640410333539
200.14640410333539
200.14640410333539
200.14640410333539
200.14640410333539
200.14640410333539
200.14640410333539
200.14640410333539
338.0679336605733
200.14640410333539
338.0679336605733
338.0679336605733
338.0679336605733
338.0679336605733
338.0679336605733
338.0679336605733
338.0679336605733
338.0679336605733
338.0679336605733
338.0679336605733
338.0679336605733
338.0679336605733
338.0679336605733
338.0679336605733
338.0679336605733
338.0679336605733
338.0679336605733
338.0679336605733
338.0679336605733
338.0679336605733
338.0679336605733
338.0679336605733
338.0679336605733
338.0679336605733
338.0679336605733
338.0679336605733
338.0679336605733
338.0679336605733
338.0679336605733
338.0679336605733
338.0679336605733
338.0679336605733
338.0679336605733
338.0679336605733
338.0679336605733
338.0679336605733
338.0679336605733
338.0679336605733
338.0679336605733
338.0679336605733
338.0679336605733
338.0679336605733
338.0679336605733
338.0679336605733
338.0679336605733
338.0679336605733
338.0679336605733
228.28736260048552
228.28736260048552
228.28736260048552
228.28736260048552
433.89797444474107
433.89797444474107
228.28736260048552
433.89797444474107
228.28736260048552
228.28736260048552
433.89797444474107
433.89797444474107
228.28736260048552
228.28736260048552
228.28736260048552
228.28736260048552
228.28736260048552
228.28736260048552
433.89797444474107
228.28736260048552
433.89797444474107
228.28736260048552
228.28736260048552
228.28736260048552
433.89797444474107
228.28736260048552
228.28736260048552
433.89797444474107
228.28736260048552
228.28736260048552
433.89797444474107
228.28736260048552
228.28736260048552
433.89797444474107
433.89797444474107
433.89797444474107
228.28736260048552
228.28736260048552
228.28736260048552
433.89797444474107
228.28736260048552
433.89797444474107
433.89797444474107
228.28736260048552
228.28736260048552
228.28736260048552
228.28736260048552
433.89797444474107
433.89797444474107
433.89797444474107
433.89797444474107
433.89797444474107
433.89797444474107
433.89797444474107
228.28736260048552
228.28736260048552
433.89797444474107
433.89797444474107
433.89797444474107
433.89797444474107
433.89797444474107
228.28736260048552
228.28736260048552
433.89797444474107
433.89797444474107
433.89797444474107
433.89797444474107
433.89797444474107
228.28736260048552
433.89797444474107
228.28736260048552
228.28736260048552
433.89797444474107
228.28736260048552
228.28736260048552
228.28736260048552
433.89797444474107
433.89797444474107
228.28736260048552
433.89797444474107
433.89797444474107
433.89797444474107
433.89797444474107
228.28736260048552
228.28736260048552
228.28736260048552
433.89797444474107
228.28736260048552
433.89797444474107
433.89797444474107
433.89797444474107
433.89797444474107
228.28736260048552
433.89797444474107
228.28736260048552
433.89797444474107
47.268024770986635
47.268024770986635
47.268024770986635
47.268024770986635
47.268024770986635
47.268024770986635
47.268024770986635
47.268024770986635
47.268024770986635
47.268024770986635
47.268024770986635
47.268024770986635
47.268024770986635
47.268024770986635
47.268024770986635
47.268024770986635
47.268024770986635
47.268024770986635
47.268024770986635
47.268024770986635
47.268024770986635
47.268024770986635
47.268024770986635
47.268024770986635
47.268024770986635
431.06134968563157
47.268024770986635
47.268024770986635
47.268024770986635
47.268024770986635
47.268024770986635
47.268024770986635
47.268024770986635
47.268024770986635
47.268024770986635
431.06134968563157
47.268024770986635
47.268024770986635
47.268024770986635
47.268024770986635
47.268024770986635
431.06134968563157
431.06134968563157
47.268024770986635
47.268024770986635
431.06134968563157
431.06134968563157
431.06134968563157
431.06134968563157
47.268024770986635
47.268024770986635
431.06134968563157
431.06134968563157
47.268024770986635
431.06134968563157
431.06134968563157
431.06134968563157
431.06134968563157
431.06134968563157
431.06134968563157
431.06134968563157
47.268024770986635
431.06134968563157
431.06134968563157
431.06134968563157
47.268024770986635
431.06134968563157
431.06134968563157
47.268024770986635
431.06134968563157
47.268024770986635
431.06134968563157
431.06134968563157
431.06134968563157
431.06134968563157
431.06134968563157
431.06134968563157
431.06134968563157
431.06134968563157
431.06134968563157
431.06134968563157
431.06134968563157
431.06134968563157
431.06134968563157
431.06134968563157
431.06134968563157
431.06134968563157
431.06134968563157
431.06134968563157
431.06134968563157
431.06134968563157
431.06134968563157
431.06134968563157
431.06134968563157
431.06134968563157
431.06134968563157
329.52366082102486
329.52366082102486
329.52366082102486
329.52366082102486
329.52366082102486
329.52366082102486
329.52366082102486
329.52366082102486
329.52366082102486
329.52366082102486
329.52366082102486
329.52366082102486
409.7497155825607
329.52366082102486
329.52366082102486
329.52366082102486
329.52366082102486
329.52366082102486
409.7497155825607
329.52366082102486
329.52366082102486
329.52366082102486
329.52366082102486
33.98365720713173
329.52366082102486
33.98365720713173
329.52366082102486
409.7497155825607
323.1898065752957
323.1898065752957
329.52366082102486
329.52366082102486
329.52366082102486
329.52366082102486
329.52366082102486
329.52366082102486
329.52366082102486
409.7497155825607
33.98365720713173
329.52366082102486
409.7497155825607
329.52366082102486
329.52366082102486
409.7497155825607
329.52366082102486
409.7497155825607
409.7497155825607
409.7497155825607
323.1898065752957
409.7497155825607
329.52366082102486
329.52366082102486
409.7497155825607
409.7497155825607
33.98365720713173
409.7497155825607
329.52366082102486
329.52366082102486
329.52366082102486
343.55948147507337
33.98365720713173
409.7497155825607
409.7497155825607
33.98365720713173
409.7497155825607
343.55948147507337
409.7497155825607
33.98365720713173
409.7497155825607
323.1898065752957
33.98365720713173
329.52366082102486
323.1898065752957
409.7497155825607
409.7497155825607
33.98365720713173
33.98365720713173
33.98365720713173
323.1898065752957
33.98365720713173
33.98365720713173
33.98365720713173
323.1898065752957
409.7497155825607
323.1898065752957
409.7497155825607
323.1898065752957
33.98365720713173
329.52366082102486
33.98365720713173
33.98365720713173
329.52366082102486
33.98365720713173
409.7497155825607
323.1898065752957
409.7497155825607
323.1898065752957
329.52366082102486
323.1898065752957
33.98365720713173
323.1898065752957
323.1898065752957
323.1898065752957
409.7497155825607
409.7497155825607
33.98365720713173
409.7497155825607
323.1898065752957
33.98365720713173
343.55948147507337
33.98365720713173
323.1898065752957
323.1898065752957
323.1898065752957
323.1898065752957
343.55948147507337
323.1898065752957
409.7497155825607
343.55948147507337
33.98365720713173
323.1898065752957
409.7497155825607
409.7497155825607
409.7497155825607
343.55948147507337
409.7497155825607
409.7497155825607
409.7497155825607
409.7497155825607
343.55948147507337
343.55948147507337
323.1898065752957
409.7497155825607
343.55948147507337
33.98365720713173
33.98365720713173
409.7497155825607
33.98365720713173
343.55948147507337
329.52366082102486
343.55948147507337
33.98365720713173
33.98365720713173
343.55948147507337
33.98365720713173
33.98365720713173
33.98365720713173
343.55948147507337
33.98365720713173
323.1898065752957
33.98365720713173
33.98365720713173
343.55948147507337
323.1898065752957
323.1898065752957
409.7497155825607
343.55948147507337
33.98365720713173
343.55948147507337
323.1898065752957
343.55948147507337
409.7497155825607
323.1898065752957
409.7497155825607
33.98365720713173
323.1898065752957
33.98365720713173
323.1898065752957
343.55948147507337
323.1898065752957
323.1898065752957
329.52366082102486
323.1898065752957
323.1898065752957
343.55948147507337
323.1898065752957
329.52366082102486
33.98365720713173
323.1898065752957
343.55948147507337
409.7497155825607
323.1898065752957
323.1898065752957
409.7497155825607
329.52366082102486
33.98365720713173
343.55948147507337
343.55948147507337
33.98365720713173
323.1898065752957
343.55948147507337
343.55948147507337
343.55948147507337
343.55948147507337
343.55948147507337
329.52366082102486
343.55948147507337
343.55948147507337
323.1898065752957
33.98365720713173
33.98365720713173
323.1898065752957
343.55948147507337
343.55948147507337
343.55948147507337
343.55948147507337
343.55948147507337
323.1898065752957
343.55948147507337
343.55948147507337
343.55948147507337
409.7497155825607
409.7497155825607
409.7497155825607
343.55948147507337
343.55948147507337
409.7497155825607
33.98365720713173
33.98365720713173
343.55948147507337
409.7497155825607
343.55948147507337
343.55948147507337
33.98365720713173
33.98365720713173
323.1898065752957
323.1898065752957
33.98365720713173
323.1898065752957
323.1898065752957
323.1898065752957
409.7497155825607
343.55948147507337
343.55948147507337
343.55948147507337
33.98365720713173
343.55948147507337
343.55948147507337
323.1898065752957
343.55948147507337
71.40824824016164
71.40824824016164
71.40824824016164
71.40824824016164
71.40824824016164
71.40824824016164
71.40824824016164
71.40824824016164
71.40824824016164
71.40824824016164
71.40824824016164
71.40824824016164
71.40824824016164
71.40824824016164
472.78366627465846
71.40824824016164
71.40824824016164
71.40824824016164
71.40824824016164
472.78366627465846
71.40824824016164
71.40824824016164
71.40824824016164
71.40824824016164
472.78366627465846
71.40824824016164
472.78366627465846
71.40824824016164
71.40824824016164
71.40824824016164
179.39354652492008
71.40824824016164
71.40824824016164
71.40824824016164
71.40824824016164
71.40824824016164
71.40824824016164
71.40824824016164
472.78366627465846
472.78366627465846
179.39354652492008
71.40824824016164
71.40824824016164
472.78366627465846
179.39354652492008
71.40824824016164
472.78366627465846
472.78366627465846
472.78366627465846
179.39354652492008
472.78366627465846
472.78366627465846
71.40824824016164
71.40824824016164
179.39354652492008
71.40824824016164
71.40824824016164
472.78366627465846
71.40824824016164
71.40824824016164
179.39354652492008
179.39354652492008
472.78366627465846
472.78366627465846
472.78366627465846
179.39354652492008
179.39354652492008
179.39354652492008
472.78366627465846
71.40824824016164
472.78366627465846
179.39354652492008
179.39354652492008
71.40824824016164
472.78366627465846
472.78366627465846
472.78366627465846
179.39354652492008
71.40824824016164
179.39354652492008
472.78366627465846
179.39354652492008
472.78366627465846
472.78366627465846
472.78366627465846
71.40824824016164
472.78366627465846
472.78366627465846
472.78366627465846
179.39354652492008
179.39354652492008
179.39354652492008
472.78366627465846
472.78366627465846
472.78366627465846
71.40824824016164
472.78366627465846
179.39354652492008
179.39354652492008
472.78366627465846
453.4948318829612
179.39354652492008
71.40824824016164
179.39354652492008
179.39354652492008
472.78366627465846
179.39354652492008
472.78366627465846
472.78366627465846
361.68686751663233
179.39354652492008
179.39354652492008
179.39354652492008
179.39354652492008
179.39354652492008
179.39354652492008
179.39354652492008
453.4948318829612
472.78366627465846
472.78366627465846
179.39354652492008
472.78366627465846
179.39354652492008
472.78366627465846
453.4948318829612
179.39354652492008
179.39354652492008
179.39354652492008
472.78366627465846
472.78366627465846
361.68686751663233
361.68686751663233
472.78366627465846
453.4948318829612
472.78366627465846
179.39354652492008
453.4948318829612
179.39354652492008
453.4948318829612
472.78366627465846
179.39354652492008
453.4948318829612
361.68686751663233
361.68686751663233
179.39354652492008
453.4948318829612
361.68686751663233
361.68686751663233
179.39354652492008
472.78366627465846
361.68686751663233
179.39354652492008
453.4948318829612
453.4948318829612
472.78366627465846
179.39354652492008
179.39354652492008
179.39354652492008
453.4948318829612
361.68686751663233
361.68686751663233
472.78366627465846
453.4948318829612
453.4948318829612
361.68686751663233
361.68686751663233
453.4948318829612
453.4948318829612
179.39354652492008
361.68686751663233
453.4948318829612
179.39354652492008
453.4948318829612
361.68686751663233
361.68686751663233
361.68686751663233
453.4948318829612
179.39354652492008
361.68686751663233
453.4948318829612
453.4948318829612
361.68686751663233
361.68686751663233
453.4948318829612
361.68686751663233
453.4948318829612
453.4948318829612
453.4948318829612
453.4948318829612
453.4948318829612
361.68686751663233
361.68686751663233
361.68686751663233
453.4948318829612
361.68686751663233
361.68686751663233
453.4948318829612
453.4948318829612
361.68686751663233
453.4948318829612
453.4948318829612
453.4948318829612
453.4948318829612
361.68686751663233
453.4948318829612
453.4948318829612
361.68686751663233
453.4948318829612
361.68686751663233
361.68686751663233
361.68686751663233
361.68686751663233
361.68686751663233
361.68686751663233
361.68686751663233
361.68686751663233
453.4948318829612
453.4948318829612
453.4948318829612
453.4948318829612
361.68686751663233
361.68686751663233
453.4948318829612
361.68686751663233
361.68686751663233
361.68686751663233
453.4948318829612
453.4948318829612
453.4948318829612
361.68686751663233
361.68686751663233
453.4948318829612
361.68686751663233
361.68686751663233
453.4948318829612
453.4948318829612
453.4948318829612
361.68686751663233
361.68686751663233
361.68686751663233
490.8083656272267
490.8083656272267
490.8083656272267
490.8083656272267
16.223444633765887
490.8083656272267
490.8083656272267
490.8083656272267
490.8083656272267
490.8083656272267
490.8083656272267
490.8083656272267
490.8083656272267
490.8083656272267
16.223444633765887
490.8083656272267
490.8083656272267
490.8083656272267
490.8083656272267
490.8083656272267
490.8083656272267
16.223444633765887
16.223444633765887
490.8083656272267
16.223444633765887
490.8083656272267
490.8083656272267
490.8083656272267
16.223444633765887
16.223444633765887
490.8083656272267
16.223444633765887
490.8083656272267
16.223444633765887
490.8083656272267
490.8083656272267
16.223444633765887
490.8083656272267
16.223444633765887
16.223444633765887
490.8083656272267
16.223444633765887
490.8083656272267
16.223444633765887
490.8083656272267
490.8083656272267
490.8083656272267
490.8083656272267
490.8083656272267
16.223444633765887
16.223444633765887
490.8083656272267
490.8083656272267
490.8083656272267
490.8083656272267
490.8083656272267
16.223444633765887
16.223444633765887
490.8083656272267
16.223444633765887
16.223444633765887
16.223444633765887
16.223444633765887
16.223444633765887
16.223444633765887
16.223444633765887
490.8083656272267
16.223444633765887
16.223444633765887
490.8083656272267
16.223444633765887
490.8083656272267
16.223444633765887
159.48912548665558
16.223444633765887
16.223444633765887
490.8083656272267
16.223444633765887
16.223444633765887
490.8083656272267
16.223444633765887
16.223444633765887
16.223444633765887
16.223444633765887
159.48912548665558
490.8083656272267
490.8083656272267
16.223444633765887
16.223444633765887
16.223444633765887
16.223444633765887
16.223444633765887