P:60 ku:0.6 kw:1.0 ka:0.0 kd:0.0 N:10000 F:3609 KMC:1000 
107.5297557780635
107.5297557780635
130.39158492971362
398.78846445872665
398.78846445872665
130.39158492971362
130.39158492971362
398.78846445872665
398.78846445872665
398.78846445872665
130.39158492971362
398.78846445872665
398.78846445872665
398.78846445872665
107.5297557780635
107.5297557780635
107.5297557780635
107.5297557780635
107.5297557780635
107.5297557780635
398.78846445872665
107.5297557780635
107.5297557780635
130.39158492971362
130.39158492971362
398.78846445872665
179.6232400901916
130.39158492971362
107.5297557780635
107.5297557780635
107.5297557780635
107.5297557780635
130.39158492971362
107.5297557780635
398.78846445872665
130.39158492971362
107.5297557780635
398.78846445872665
130.39158492971362
107.5297557780635
179.6232400901916
107.5297557780635
398.78846445872665
398.78846445872665
398.78846445872665
398.78846445872665
107.5297557780635
107.5297557780635
107.5297557780635
398.78846445872665
107.5297557780635
130.39158492971362
107.5297557780635
107.5297557780635
107.5297557780635
107.5297557780635
107.5297557780635
398.78846445872665
398.78846445872665
398.78846445872665
130.39158492971362
107.5297557780635
107.5297557780635
398.78846445872665
398.78846445872665
107.5297557780635
107.5297557780635
107.5297557780635
398.78846445872665
107.5297557780635
107.5297557780635
107.5297557780635
107.5297557780635
130.39158492971362
130.39158492971362
398.78846445872665
107.5297557780635
398.78846445872665
130.39158492971362
130.39158492971362
398.78846445872665
398.78846445872665
398.78846445872665
179.6232400901916
398.78846445872665
107.5297557780635
398.78846445872665
179.6232400901916
398.78846445872665
179.6232400901916
130.39158492971362
130.39158492971362
130.39158492971362
130.39158492971362
130.39158492971362
179.6232400901916
179.6232400901916
107.5297557780635
107.5297557780635
107.5297557780635
130.39158492971362
107.5297557780635
107.5297557780635
130.39158492971362
130.39158492971362
398.78846445872665
107.5297557780635
107.5297557780635
107.5297557780635
398.78846445872665
130.39158492971362
130.39158492971362
398.78846445872665
398.78846445872665
179.6232400901916
130.39158492971362
398.78846445872665
130.39158492971362
179.6232400901916
130.39158492971362
398.78846445872665
179.6232400901916
130.39158492971362
130.39158492971362
398.78846445872665
179.6232400901916
179.6232400901916
130.39158492971362
130.39158492971362
130.39158492971362
398.78846445872665
130.39158492971362
398.78846445872665
130.39158492971362
398.78846445872665
398.78846445872665
107.5297557780635
130.39158492971362
398.78846445872665
179.6232400901916
398.78846445872665
130.39158492971362
107.5297557780635
179.6232400901916
179.6232400901916
130.39158492971362
398.78846445872665
179.6232400901916
179.6232400901916
135.84643815394784
135.84643815394784
130.39158492971362
179.6232400901916
130.39158492971362
130.39158492971362
179.6232400901916
179.6232400901916
179.6232400901916
130.39158492971362
179.6232400901916
179.6232400901916
398.78846445872665
130.39158492971362
398.78846445872665
179.6232400901916
179.6232400901916
130.39158492971362
398.78846445872665
135.84643815394784
179.6232400901916
179.6232400901916
179.6232400901916
179.6232400901916
130.39158492971362
179.6232400901916
179.6232400901916
135.84643815394784
130.39158492971362
179.6232400901916
130.39158492971362
179.6232400901916
179.6232400901916
179.6232400901916
179.6232400901916
179.6232400901916
179.6232400901916
179.6232400901916
179.6232400901916
135.84643815394784
179.6232400901916
179.6232400901916
135.84643815394784
135.84643815394784
135.84643815394784
158.58630850042684
179.6232400901916
179.6232400901916
179.6232400901916
179.6232400901916
135.84643815394784
158.58630850042684
135.84643815394784
135.84643815394784
179.6232400901916
135.84643815394784
135.84643815394784
158.58630850042684
135.84643815394784
135.84643815394784
135.84643815394784
135.84643815394784
135.84643815394784
135.84643815394784
179.6232400901916
135.84643815394784
135.84643815394784
135.84643815394784
135.84643815394784
135.84643815394784
135.84643815394784
135.84643815394784
135.84643815394784
135.84643815394784
135.84643815394784
158.58630850042684
135.84643815394784
135.84643815394784
250.70650519516153
135.84643815394784
250.70650519516153
135.84643815394784
135.84643815394784
158.58630850042684
158.58630850042684
135.84643815394784
158.58630850042684
158.58630850042684
158.58630850042684
135.84643815394784
135.84643815394784
135.84643815394784
158.58630850042684
158.58630850042684
158.58630850042684
250.70650519516153
135.84643815394784
158.58630850042684
250.70650519516153
158.58630850042684
135.84643815394784
158.58630850042684
158.58630850042684
135.84643815394784
135.84643815394784
250.70650519516153
158.58630850042684
158.58630850042684
135.84643815394784
158.58630850042684
250.70650519516153
135.84643815394784
250.70650519516153
135.84643815394784
135.84643815394784
158.58630850042684
135.84643815394784
158.58630850042684
250.70650519516153
250.70650519516153
250.70650519516153
250.70650519516153
250.70650519516153
158.58630850042684
158.58630850042684
250.70650519516153
158.58630850042684
158.58630850042684
158.58630850042684
158.58630850042684
158.58630850042684
158.58630850042684
250.70650519516153
250.70650519516153
158.58630850042684
250.70650519516153
158.58630850042684
158.58630850042684
158.58630850042684
250.70650519516153
158.58630850042684
158.58630850042684
250.70650519516153
158.58630850042684
250.70650519516153
158.58630850042684
250.70650519516153
158.58630850042684
250.70650519516153
250.70650519516153
135.84643815394784
250.70650519516153
250.70650519516153
158.58630850042684
158.58630850042684
158.58630850042684
158.58630850042684
158.58630850042684
89.91366683925403
250.70650519516153
250.70650519516153
250.70650519516153
250.70650519516153
158.58630850042684
250.70650519516153
250.70650519516153
241.00262123582377
158.58630850042684
158.58630850042684
250.70650519516153
250.70650519516153
250.70650519516153
250.70650519516153
250.70650519516153
250.70650519516153
89.91366683925403
158.58630850042684
250.70650519516153
250.70650519516153
250.70650519516153
250.70650519516153
250.70650519516153
250.70650519516153
158.58630850042684
250.70650519516153
241.00262123582377
89.91366683925403
89.91366683925403
250.70650519516153
250.70650519516153
89.91366683925403
17.012480862227164
250.70650519516153
89.91366683925403
89.91366683925403
241.00262123582377
241.00262123582377
17.012480862227164
250.70650519516153
241.00262123582377
89.91366683925403
89.91366683925403
89.91366683925403
89.91366683925403
89.91366683925403
241.00262123582377
241.00262123582377
89.91366683925403
89.91366683925403
250.70650519516153
241.00262123582377
241.00262123582377
241.00262123582377
241.00262123582377
241.00262123582377
241.00262123582377
89.91366683925403
89.91366683925403
89.91366683925403
17.012480862227164
89.91366683925403
305.2300608025937
17.012480862227164
89.91366683925403
89.91366683925403
241.00262123582377
89.91366683925403
17.012480862227164
17.012480862227164
89.91366683925403
17.012480862227164
89.91366683925403
89.91366683925403
241.00262123582377
89.91366683925403
17.012480862227164
241.00262123582377
241.00262123582377
17.012480862227164
89.91366683925403
17.012480862227164
241.00262123582377
305.2300608025937
241.00262123582377
89.91366683925403
89.91366683925403
17.012480862227164
17.012480862227164
241.00262123582377
17.012480862227164
241.00262123582377
17.012480862227164
241.00262123582377
241.00262123582377
366.2257784079727
17.012480862227164
366.2257784079727
89.91366683925403
305.2300608025937
305.2300608025937
241.00262123582377
17.012480862227164
89.91366683925403
17.012480862227164
241.00262123582377
17.012480862227164
241.00262123582377
89.91366683925403
241.00262123582377
89.91366683925403
305.2300608025937
89.91366683925403
89.91366683925403
89.91366683925403
241.00262123582377
17.012480862227164
89.91366683925403
241.00262123582377
362.9270114689035
17.012480862227164
362.9270114689035
89.91366683925403
89.91366683925403
305.2300608025937
17.012480862227164
89.91366683925403
17.012480862227164
89.91366683925403
305.2300608025937
341.91282404098604
241.00262123582377
17.012480862227164
241.00262123582377
241.00262123582377
305.2300608025937
89.91366683925403
241.00262123582377
305.2300608025937
241.00262123582377
241.00262123582377
17.012480862227164
241.00262123582377
89.91366683925403
305.2300608025937
89.91366683925403
305.2300608025937
305.2300608025937
241.00262123582377
305.2300608025937
341.91282404098604
241.00262123582377
305.2300608025937
366.2257784079727
17.012480862227164
305.2300608025937
241.00262123582377
17.012480862227164
17.012480862227164
17.012480862227164
305.2300608025937
241.00262123582377
17.012480862227164
241.00262123582377
366.2257784079727
17.012480862227164
17.012480862227164
241.00262123582377
305.2300608025937
305.2300608025937
305.2300608025937
89.91366683925403
17.012480862227164
305.2300608025937
366.2257784079727
305.2300608025937
17.012480862227164
241.00262123582377
17.012480862227164
366.2257784079727
17.012480862227164
24.3374666843642
17.012480862227164
17.012480862227164
305.2300608025937
89.91366683925403
17.012480862227164
366.2257784079727
17.012480862227164
362.9270114689035
362.9270114689035
366.2257784079727
362.9270114689035
89.91366683925403
89.91366683925403
89.91366683925403
17.012480862227164
366.2257784079727
241.00262123582377
305.2300608025937
366.2257784079727
362.9270114689035
305.2300608025937
366.2257784079727
241.00262123582377
305.2300608025937
17.012480862227164
47.0257284044328
366.2257784079727
305.2300608025937
362.9270114689035
362.9270114689035
305.2300608025937
366.2257784079727
17.012480862227164
366.2257784079727
241.00262123582377
241.00262123582377
362.9270114689035
17.012480862227164
341.91282404098604
341.91282404098604
24.3374666843642
366.2257784079727
341.91282404098604
241.00262123582377
362.9270114689035
366.2257784079727
305.2300608025937
366.2257784079727
305.2300608025937
305.2300608025937
362.9270114689035
366.2257784079727
305.2300608025937
341.91282404098604
362.9270114689035
112.51660894442878
362.9270114689035
366.2257784079727
366.2257784079727
17.012480862227164
305.2300608025937
366.2257784079727
17.012480862227164
341.91282404098604
305.2300608025937
362.9270114689035
305.2300608025937
341.91282404098604
17.012480862227164
366.2257784079727
305.2300608025937
305.2300608025937
341.91282404098604
362.9270114689035
341.91282404098604
305.2300608025937
366.2257784079727
362.9270114689035
305.2300608025937
305.2300608025937
47.0257284044328
24.3374666843642
366.2257784079727
341.91282404098604
362.9270114689035
305.2300608025937
341.91282404098604
24.3374666843642
362.9270114689035
366.2257784079727
305.2300608025937
362.9270114689035
24.3374666843642
341.91282404098604
366.2257784079727
362.9270114689035
24.3374666843642
17.012480862227164
362.9270114689035
17.012480862227164
24.3374666843642
305.2300608025937
24.3374666843642
305.2300608025937
112.51660894442878
362.9270114689035
362.9270114689035
341.91282404098604
366.2257784079727
341.91282404098604
362.9270114689035
305.2300608025937
341.91282404098604
341.91282404098604
362.9270114689035
24.3374666843642
366.2257784079727
362.9270114689035
341.91282404098604
341.91282404098604
24.3374666843642
341.91282404098604
305.2300608025937
341.91282404098604
366.2257784079727
24.3374666843642
94.14243533177488
47.0257284044328
366.2257784079727
112.51660894442878
366.2257784079727
24.3374666843642
47.0257284044328
305.2300608025937
366.2257784079727
341.91282404098604
341.91282404098604
366.2257784079727
24.3374666843642
366.2257784079727
341.91282404098604
366.2257784079727
47.0257284044328
362.9270114689035
47.0257284044328
47.0257284044328
341.91282404098604
362.9270114689035
362.9270114689035
24.3374666843642
24.3374666843642
341.91282404098604
157.59718533775953
362.9270114689035
24.3374666843642
366.2257784079727
341.91282404098604
341.91282404098604
305.2300608025937
362.9270114689035
305.2300608025937
362.9270114689035
366.2257784079727
24.3374666843642
366.2257784079727
366.2257784079727
366.2257784079727
362.9270114689035
366.2257784079727
24.3374666843642
24.3374666843642
112.51660894442878
112.51660894442878
47.0257284044328
24.3374666843642
366.2257784079727
24.3374666843642
362.9270114689035
47.0257284044328
47.0257284044328
112.51660894442878
47.0257284044328
341.91282404098604
362.9270114689035
112.51660894442878
366.2257784079727
362.9270114689035
362.9270114689035
112.51660894442878
112.51660894442878
112.51660894442878
24.3374666843642
47.0257284044328
341.91282404098604
24.3374666843642
112.51660894442878
94.14243533177488
47.0257284044328
47.0257284044328
341.91282404098604
24.3374666843642
341.91282404098604
157.59718533775953
362.9270114689035
362.9270114689035
341.91282404098604
341.91282404098604
47.0257284044328
112.51660894442878
24.3374666843642
362.9270114689035
94.14243533177488
112.51660894442878
47.0257284044328
362.9270114689035
47.0257284044328
112.51660894442878
24.3374666843642
341.91282404098604
341.91282404098604
366.2257784079727
366.2257784079727
362.9270114689035
24.3374666843642
24.3374666843642
47.0257284044328
24.3374666843642
366.2257784079727
362.9270114689035
24.3374666843642
47.0257284044328
47.0257284044328
47.0257284044328
341.91282404098604
24.3374666843642
112.51660894442878
362.9270114689035
157.59718533775953
112.51660894442878
47.0257284044328
341.91282404098604
24.3374666843642
47.0257284044328
341.91282404098604
341.91282404098604
341.91282404098604
366.2257784079727
112.51660894442878
24.3374666843642
112.51660894442878
112.51660894442878
112.51660894442878
362.9270114689035
24.3374666843642
112.51660894442878
94.14243533177488
366.2257784079727
94.14243533177488
341.91282404098604
47.0257284044328
362.9270114689035
341.91282404098604
24.3374666843642
94.14243533177488
94.14243533177488
112.51660894442878
24.3374666843642
47.0257284044328
341.91282404098604
24.3374666843642
47.0257284044328
112.51660894442878
341.91282404098604
94.14243533177488
47.0257284044328
362.9270114689035
112.51660894442878
24.3374666843642
47.0257284044328
157.59718533775953
94.14243533177488
157.59718533775953
341.91282404098604
94.14243533177488
47.0257284044328
112.51660894442878
47.0257284044328
157.59718533775953
362.9270114689035
47.0257284044328
24.3374666843642
24.3374666843642
157.59718533775953
24.3374666843642
24.3374666843642
112.51660894442878
112.51660894442878
341.91282404098604
157.59718533775953
24.3374666843642
47.0257284044328
112.51660894442878
94.14243533177488
157.59718533775953
112.51660894442878
94.14243533177488
24.3374666843642
94.14243533177488
112.51660894442878
94.14243533177488
94.14243533177488
157.59718533775953
157.59718533775953
341.91282404098604
112.51660894442878
47.0257284044328
94.14243533177488
157.59718533775953
112.51660894442878
94.14243533177488
47.0257284044328
94.14243533177488
157.59718533775953
47.0257284044328
24.3374666843642
24.3374666843642
157.59718533775953
47.0257284044328
150.6116479169945
24.3374666843642
112.51660894442878
47.0257284044328
94.14243533177488
47.0257284044328
157.59718533775953
47.0257284044328
47.0257284044328
94.14243533177488
94.14243533177488
94.14243533177488
47.0257284044328
112.51660894442878
112.51660894442878
47.0257284044328
150.6116479169945
157.59718533775953
157.59718533775953
112.51660894442878
47.0257284044328
150.6116479169945
112.51660894442878
47.0257284044328
112.51660894442878
94.14243533177488
94.14243533177488
94.14243533177488
24.3374666843642
94.14243533177488
157.59718533775953
112.51660894442878
94.14243533177488
112.51660894442878
47.0257284044328
112.51660894442878
157.59718533775953
94.14243533177488
157.59718533775953
157.59718533775953
47.0257284044328
94.14243533177488
157.59718533775953
47.0257284044328
157.59718533775953
112.51660894442878
157.59718533775953
157.59718533775953
157.59718533775953
157.59718533775953
112.51660894442878
157.59718533775953
112.51660894442878
112.51660894442878
157.59718533775953
94.14243533177488
157.59718533775953
112.51660894442878
94.14243533177488
94.14243533177488
94.14243533177488
150.6116479169945
94.14243533177488
94.14243533177488
47.0257284044328
157.59718533775953
150.6116479169945
94.14243533177488
157.59718533775953
94.14243533177488
157.59718533775953
112.51660894442878
94.14243533177488
112.51660894442878
157.59718533775953
157.59718533775953
94.14243533177488
94.14243533177488
150.6116479169945
94.14243533177488
94.14243533177488
157.59718533775953
150.6116479169945
94.14243533177488
157.59718533775953
150.6116479169945
157.59718533775953
157.59718533775953
150.6116479169945
157.59718533775953
150.6116479169945
150.6116479169945
150.6116479169945
150.6116479169945
157.59718533775953
157.59718533775953
94.14243533177488
94.14243533177488
150.6116479169945
150.6116479169945
150.6116479169945
157.59718533775953
150.6116479169945
150.6116479169945
150.6116479169945
150.6116479169945
157.59718533775953
186.0874104237513
186.0874104237513
150.6116479169945
157.59718533775953
186.0874104237513
150.6116479169945
186.0874104237513
150.6116479169945
150.6116479169945
94.14243533177488
150.6116479169945
157.59718533775953
150.6116479169945
365.0344190819393
94.14243533177488
150.6116479169945
157.59718533775953
150.6116479169945
365.0344190819393
150.6116479169945
365.0344190819393
150.6116479169945
365.0344190819393
94.14243533177488
150.6116479169945
150.6116479169945
150.6116479169945
186.0874104237513
157.59718533775953
150.6116479169945
186.0874104237513
118.88692783452674
186.0874104237513
186.0874104237513
150.6116479169945
118.88692783452674
186.0874104237513
186.0874104237513
150.6116479169945
365.0344190819393
186.0874104237513
365.0344190819393
118.88692783452674
150.6116479169945
150.6116479169945
85.15588882157401
85.15588882157401
150.6116479169945
186.0874104237513
365.0344190819393
118.88692783452674
186.0874104237513
186.0874104237513
186.0874104237513
186.0874104237513
85.15588882157401
186.0874104237513
186.0874104237513
150.6116479169945
365.0344190819393
365.0344190819393
85.15588882157401
365.0344190819393
186.0874104237513
186.0874104237513
365.0344190819393
365.0344190819393
150.6116479169945
186.0874104237513
365.0344190819393
186.0874104237513
365.0344190819393
150.6116479169945
365.0344190819393
150.6116479169945
365.0344190819393
365.0344190819393
150.6116479169945
186.0874104237513
118.88692783452674
365.0344190819393
136.3743562253299
365.0344190819393
150.6116479169945
118.88692783452674
85.15588882157401
365.0344190819393
186.0874104237513
118.88692783452674
118.88692783452674
365.0344190819393
365.0344190819393
118.88692783452674
136.3743562253299
186.0874104237513
136.3743562253299
150.6116479169945
150.6116479169945
118.88692783452674
365.0344190819393
118.88692783452674
85.15588882157401
186.0874104237513
365.0344190819393
186.0874104237513
150.6116479169945
85.15588882157401
118.88692783452674
186.0874104237513
85.15588882157401
186.0874104237513
186.0874104237513
118.88692783452674
118.88692783452674
85.15588882157401
85.15588882157401
118.88692783452674
118.88692783452674
136.3743562253299
118.88692783452674
85.15588882157401
85.15588882157401
136.3743562253299
365.0344190819393
365.0344190819393
365.0344190819393
365.0344190819393
186.0874104237513
85.15588882157401
85.15588882157401
118.88692783452674
136.3743562253299
186.0874104237513
118.88692783452674
365.0344190819393
365.0344190819393
118.88692783452674
186.0874104237513
136.3743562253299
118.88692783452674
136.3743562253299
365.0344190819393
186.0874104237513
118.88692783452674
118.88692783452674
118.88692783452674
136.3743562253299
85.15588882157401
85.15588882157401
85.15588882157401
85.15588882157401
186.0874104237513
118.88692783452674
85.15588882157401
365.0344190819393
136.3743562253299
118.88692783452674
136.3743562253299
186.0874104237513
85.15588882157401
136.3743562253299
136.3743562253299
85.15588882157401
186.0874104237513
85.15588882157401
118.88692783452674
118.88692783452674
85.15588882157401
365.0344190819393
365.0344190819393
85.15588882157401
85.15588882157401
85.15588882157401
136.3743562253299
118.88692783452674
85.15588882157401
186.0874104237513
118.88692783452674
365.0344190819393
186.0874104237513
186.0874104237513
365.0344190819393
136.3743562253299
136.3743562253299
365.0344190819393
85.15588882157401
118.88692783452674
365.0344190819393
85.15588882157401
85.15588882157401
186.0874104237513
186.0874104237513
136.3743562253299
118.88692783452674
118.88692783452674
365.0344190819393
186.0874104237513
186.0874104237513
136.3743562253299
136.3743562253299
365.0344190819393
85.15588882157401
136.3743562253299
140.59255297340962
186.0874104237513
118.88692783452674
136.3743562253299
136.3743562253299
136.3743562253299
136.3743562253299
186.0874104237513
118.88692783452674
136.3743562253299
140.59255297340962
186.0874104237513
140.59255297340962
365.0344190819393
85.15588882157401
85.15588882157401
118.88692783452674
85.15588882157401
186.0874104237513
136.3743562253299
365.0344190819393
243.2177128279955
85.15588882157401
365.0344190819393
85.15588882157401
365.0344190819393
140.59255297340962
118.88692783452674
243.2177128279955
140.59255297340962
365.0344190819393
136.3743562253299
365.0344190819393
118.88692783452674
136.3743562253299
365.0344190819393
118.88692783452674
140.59255297340962
85.15588882157401
136.3743562253299
140.59255297340962
365.0344190819393
136.3743562253299
140.59255297340962
136.3743562253299
136.3743562253299
85.15588882157401
85.15588882157401
243.2177128279955
136.3743562253299
243.2177128279955
136.3743562253299
243.2177128279955
118.88692783452674
136.3743562253299
136.3743562253299
243.2177128279955
243.2177128279955
243.2177128279955
140.59255297340962
140.59255297340962
136.3743562253299
118.88692783452674
118.88692783452674
140.59255297340962
243.2177128279955
118.88692783452674
85.15588882157401
118.88692783452674
85.15588882157401
140.59255297340962
136.3743562253299
140.59255297340962
243.2177128279955
118.88692783452674
118.88692783452674
118.88692783452674
85.15588882157401
136.3743562253299
243.2177128279955
243.2177128279955
85.15588882157401
85.15588882157401
140.59255297340962
85.15588882157401
140.59255297340962
140.59255297340962
85.15588882157401
140.59255297340962
118.88692783452674
136.3743562253299
47.533909306503865
243.2177128279955
140.59255297340962
47.533909306503865
140.59255297340962
243.2177128279955
136.3743562253299
243.2177128279955
85.15588882157401
85.15588882157401
243.2177128279955
136.3743562253299
243.2177128279955
140.59255297340962
136.3743562253299
136.3743562253299
47.533909306503865
47.533909306503865
47.533909306503865
140.59255297340962
140.59255297340962
140.59255297340962
136.3743562253299
243.2177128279955
47.533909306503865
243.2177128279955
136.3743562253299
140.59255297340962
140.59255297340962
140.59255297340962
140.59255297340962
140.59255297340962
243.2177128279955
140.59255297340962
140.59255297340962
136.3743562253299
243.2177128279955
136.3743562253299
243.2177128279955
243.2177128279955
243.2177128279955
243.2177128279955
140.59255297340962
243.2177128279955
140.59255297340962
243.2177128279955
243.2177128279955
243.2177128279955
140.59255297340962
243.2177128279955
47.533909306503865
140.59255297340962
140.59255297340962
140.59255297340962
47.533909306503865
140.59255297340962
47.533909306503865
243.2177128279955
47.533909306503865
243.2177128279955
243.2177128279955
47.533909306503865
47.533909306503865
243.2177128279955
243.2177128279955
243.2177128279955
47.533909306503865
140.59255297340962
140.59255297340962
243.2177128279955
47.533909306503865
47.533909306503865
47.533909306503865
140.59255297340962
47.533909306503865
47.533909306503865
47.533909306503865
47.533909306503865
243.2177128279955
47.533909306503865
47.533909306503865
140.59255297340962
243.2177128279955
243.2177128279955
243.2177128279955
140.59255297340962
47.533909306503865
140.59255297340962
47.533909306503865
47.533909306503865
140.59255297340962
47.533909306503865
47.533909306503865
243.2177128279955
140.59255297340962
243.2177128279955
140.59255297340962
47.533909306503865
47.533909306503865
47.533909306503865
47.533909306503865
47.533909306503865
140.59255297340962
243.2177128279955
243.2177128279955
342.514462456966
47.533909306503865
47.533909306503865
47.533909306503865
47.533909306503865
243.2177128279955
342.514462456966
88.20500412107647
243.2177128279955
47.533909306503865
88.20500412107647
47.533909306503865
107.4454989846651
342.514462456966
88.20500412107647
107.4454989846651
342.514462456966
47.533909306503865
88.20500412107647
140.59255297340962
107.4454989846651
47.533909306503865
107.4454989846651
47.533909306503865
47.533909306503865
288.18415986867166
342.514462456966
342.514462456966
288.18415986867166
47.533909306503865
288.18415986867166
288.18415986867166
88.20500412107647
342.514462456966
88.20500412107647
243.2177128279955
107.4454989846651
47.533909306503865
107.4454989846651
342.514462456966
88.20500412107647
47.533909306503865
342.514462456966
288.18415986867166
88.20500412107647
47.533909306503865
342.514462456966
107.4454989846651
342.514462456966
342.514462456966
288.18415986867166
88.20500412107647
342.514462456966
342.514462456966
91.38061492591505
342.514462456966
342.514462456966
342.514462456966
88.20500412107647
107.4454989846651
342.514462456966
88.20500412107647
342.514462456966
288.18415986867166
107.4454989846651
88.20500412107647
88.20500412107647
88.20500412107647
88.20500412107647
88.20500412107647
91.38061492591505
107.4454989846651
88.20500412107647
88.20500412107647
107.4454989846651
88.20500412107647
288.18415986867166
342.514462456966
88.20500412107647
91.38061492591505
91.38061492591505
91.38061492591505
107.4454989846651
107.4454989846651
107.4454989846651
107.4454989846651
107.4454989846651
47.533909306503865
47.533909306503865
107.4454989846651
288.18415986867166
288.18415986867166
107.4454989846651
288.18415986867166
342.514462456966
107.4454989846651
91.38061492591505
288.18415986867166
342.514462456966
288.18415986867166
288.18415986867166
342.514462456966
288.18415986867166
342.514462456966
342.514462456966
88.20500412107647
107.4454989846651
288.18415986867166
342.514462456966
342.514462456966
288.18415986867166
88.20500412107647
342.514462456966
342.514462456966
288.18415986867166
288.18415986867166
91.38061492591505
88.20500412107647
88.20500412107647
107.4454989846651
88.20500412107647
288.18415986867166
342.514462456966
88.20500412107647
288.18415986867166
107.4454989846651
107.4454989846651
88.20500412107647
91.38061492591505
342.514462456966
91.38061492591505
107.4454989846651
88.20500412107647
88.20500412107647
107.4454989846651
342.514462456966
342.514462456966
88.20500412107647
107.4454989846651
342.514462456966
288.18415986867166
91.38061492591505
107.4454989846651
91.38061492591505
342.514462456966
88.20500412107647
88.20500412107647
107.4454989846651
91.38061492591505
342.514462456966
342.514462456966
91.38061492591505
91.38061492591505
288.18415986867166
288.18415986867166
91.38061492591505
107.4454989846651
88.20500412107647
107.4454989846651
88.20500412107647
107.4454989846651
342.514462456966
88.20500412107647
91.38061492591505
107.4454989846651
107.4454989846651
288.18415986867166
107.4454989846651
342.514462456966
342.514462456966
91.38061492591505
88.20500412107647
88.20500412107647
107.4454989846651
288.18415986867166
91.38061492591505
342.514462456966
88.20500412107647
288.18415986867166
288.18415986867166
88.20500412107647
88.20500412107647
107.4454989846651
107.4454989846651
91.38061492591505
288.18415986867166
342.514462456966
288.18415986867166
107.4454989846651
288.18415986867166
91.38061492591505
107.4454989846651
88.20500412107647
342.514462456966
107.4454989846651
288.18415986867166
91.38061492591505
88.20500412107647
288.18415986867166
288.18415986867166
88.20500412107647
342.514462456966
107.4454989846651
107.4454989846651
288.18415986867166
288.18415986867166
288.18415986867166
288.18415986867166
288.18415986867166
288.18415986867166
107.4454989846651
91.38061492591505
342.514462456966
91.38061492591505
91.38061492591505
342.514462456966
288.18415986867166
88.20500412107647
91.38061492591505
107.4454989846651
288.18415986867166
88.20500412107647
91.38061492591505
91.38061492591505
91.38061492591505
88.20500412107647
91.38061492591505
91.38061492591505
107.4454989846651
91.38061492591505
91.38061492591505
342.514462456966
88.20500412107647
288.18415986867166
107.4454989846651
91.38061492591505
288.18415986867166
91.38061492591505
288.18415986867166
91.38061492591505
91.38061492591505
91.38061492591505
288.18415986867166
91.38061492591505
91.38061492591505
91.38061492591505
109.00220101906713
107.4454989846651
91.38061492591505
91.38061492591505
342.514462456966
109.00220101906713
91.38061492591505
109.00220101906713
91.38061492591505
109.00220101906713
91.38061492591505
109.00220101906713
109.00220101906713
109.00220101906713
288.18415986867166
91.38061492591505
88.20500412107647
109.00220101906713
107.4454989846651
109.00220101906713
109.00220101906713
109.00220101906713
109.00220101906713
288.18415986867166
109.00220101906713
162.4296965530255
109.00220101906713
109.00220101906713
162.4296965530255
91.38061492591505
162.4296965530255
109.00220101906713
109.00220101906713
162.4296965530255
162.4296965530255
162.4296965530255
286.1530413943526
109.00220101906713
162.4296965530255
286.1530413943526
162.4296965530255
109.00220101906713
162.4296965530255
109.00220101906713
91.38061492591505
286.1530413943526
109.00220101906713
286.1530413943526
286.1530413943526
286.1530413943526
215.24173229999923
162.4296965530255
109.00220101906713
109.00220101906713
109.00220101906713
286.1530413943526
215.24173229999923
215.24173229999923
215.24173229999923
215.24173229999923
215.24173229999923
286.1530413943526
215.24173229999923
162.4296965530255
286.1530413943526
109.00220101906713
109.00220101906713
215.24173229999923
286.1530413943526
109.00220101906713
215.24173229999923
215.24173229999923
286.1530413943526
162.4296965530255
109.00220101906713
162.4296965530255
109.00220101906713
109.00220101906713
162.4296965530255
215.24173229999923
162.4296965530255
109.00220101906713
286.1530413943526
109.00220101906713
162.4296965530255
109.00220101906713
162.4296965530255
109.00220101906713
162.4296965530255
286.1530413943526
109.00220101906713
286.1530413943526
109.00220101906713
215.24173229999923
215.24173229999923
109.00220101906713
162.4296965530255
286.1530413943526
162.4296965530255
109.00220101906713
286.1530413943526
162.4296965530255
215.24173229999923
109.00220101906713
109.00220101906713
162.4296965530255
162.4296965530255
215.24173229999923
109.00220101906713
109.00220101906713
286.1530413943526
286.1530413943526
109.00220101906713
286.1530413943526
162.4296965530255
286.1530413943526
109.00220101906713
215.24173229999923
215.24173229999923
286.1530413943526
215.24173229999923
286.1530413943526
286.1530413943526
162.4296965530255
215.24173229999923
215.24173229999923
215.24173229999923
162.4296965530255
215.24173229999923
286.1530413943526
215.24173229999923
286.1530413943526
109.00220101906713
162.4296965530255
162.4296965530255
162.4296965530255
286.1530413943526
215.24173229999923
109.00220101906713
162.4296965530255
162.4296965530255
162.4296965530255
215.24173229999923
162.4296965530255
162.4296965530255
286.1530413943526
215.24173229999923
162.4296965530255
162.4296965530255
286.1530413943526
162.4296965530255
286.1530413943526
162.4296965530255
286.1530413943526
162.4296965530255
286.1530413943526
286.1530413943526
286.1530413943526
162.4296965530255
286.1530413943526
162.4296965530255
215.24173229999923
215.24173229999923
286.1530413943526
215.24173229999923
286.1530413943526
286.1530413943526
215.24173229999923
215.24173229999923
286.1530413943526
215.24173229999923
286.1530413943526
162.4296965530255
215.24173229999923
215.24173229999923
162.4296965530255
215.24173229999923
286.1530413943526
286.1530413943526
215.24173229999923
109.00220101906713
215.24173229999923
215.24173229999923
109.00220101906713
215.24173229999923
286.1530413943526
215.24173229999923
286.1530413943526
162.4296965530255
215.24173229999923
162.4296965530255
162.4296965530255
215.24173229999923
286.1530413943526
286.1530413943526
215.24173229999923
286.1530413943526
215.24173229999923
215.24173229999923
215.24173229999923
90.0445503504513
162.4296965530255
90.0445503504513
162.4296965530255
90.0445503504513
286.1530413943526
90.0445503504513
227.79561797565498
90.0445503504513
286.1530413943526
215.24173229999923
90.0445503504513
90.0445503504513
90.0445503504513
215.24173229999923
227.79561797565498
90.0445503504513
90.0445503504513
90.0445503504513
90.0445503504513
90.0445503504513
90.0445503504513
90.0445503504513
227.79561797565498
227.79561797565498
227.79561797565498
227.79561797565498
227.79561797565498
227.79561797565498
227.79561797565498
90.0445503504513
62.90098104465293
227.79561797565498
227.79561797565498
90.0445503504513
62.90098104465293
227.79561797565498
227.79561797565498
227.79561797565498
227.79561797565498
90.0445503504513
62.90098104465293
90.0445503504513
227.79561797565498
62.90098104465293
62.90098104465293
90.0445503504513
62.90098104465293
56.3135670946826
90.0445503504513
90.0445503504513
90.0445503504513
62.90098104465293
90.0445503504513
227.79561797565498
90.0445503504513
90.0445503504513
62.90098104465293
62.90098104465293
56.3135670946826
62.90098104465293
62.90098104465293
213.96669160026318
213.96669160026318
56.3135670946826
56.3135670946826
90.0445503504513
90.0445503504513
213.96669160026318
90.0445503504513
62.90098104465293
62.90098104465293
227.79561797565498
56.3135670946826
56.3135670946826
227.79561797565498
227.79561797565498
90.0445503504513
213.96669160026318
90.0445503504513
227.79561797565498
227.79561797565498
213.96669160026318
227.79561797565498
90.0445503504513
56.3135670946826
56.3135670946826
90.0445503504513
62.90098104465293
62.90098104465293
90.0445503504513
90.0445503504513
62.90098104465293
213.96669160026318
56.3135670946826
62.90098104465293
227.79561797565498
90.0445503504513
56.3135670946826
227.79561797565498
227.79561797565498
213.96669160026318
90.0445503504513
56.3135670946826
90.0445503504513
227.79561797565498
90.0445503504513
90.0445503504513
56.3135670946826
213.96669160026318
90.0445503504513
213.96669160026318
56.3135670946826
62.90098104465293
227.79561797565498
213.96669160026318
56.3135670946826
213.96669160026318
227.79561797565498
213.96669160026318
227.79561797565498
56.3135670946826
227.79561797565498
227.79561797565498
227.79561797565498
90.0445503504513
213.96669160026318
213.96669160026318
56.3135670946826
90.0445503504513
227.79561797565498
227.79561797565498
213.96669160026318
227.79561797565498
62.90098104465293
227.79561797565498
56.3135670946826
62.90098104465293
62.90098104465293
227.79561797565498
62.90098104465293
227.79561797565498
62.90098104465293
62.90098104465293
56.3135670946826
213.96669160026318
227.79561797565498
62.90098104465293
62.90098104465293
90.0445503504513
62.90098104465293
227.79561797565498
227.79561797565498
213.96669160026318
90.0445503504513
62.90098104465293
62.90098104465293
213.96669160026318
227.79561797565498
62.90098104465293
56.3135670946826
56.3135670946826
56.3135670946826
56.3135670946826
56.3135670946826
56.3135670946826
90.0445503504513
213.96669160026318
62.90098104465293
227.79561797565498
62.90098104465293
56.3135670946826
56.3135670946826
90.0445503504513
213.96669160026318
56.3135670946826
62.90098104465293
62.90098104465293
213.96669160026318
90.0445503504513
213.96669160026318
213.96669160026318
227.79561797565498
56.3135670946826
62.90098104465293
62.90098104465293
213.96669160026318
213.96669160026318
227.79561797565498
213.96669160026318
213.96669160026318
62.90098104465293
56.3135670946826
62.90098104465293
62.90098104465293
62.90098104465293
62.90098104465293
56.3135670946826
227.79561797565498
213.96669160026318
56.3135670946826
62.90098104465293
56.3135670946826
213.96669160026318
227.79561797565498
56.3135670946826
62.90098104465293
56.3135670946826
56.3135670946826
62.90098104465293
213.96669160026318
213.96669160026318
213.96669160026318
72.38312440263188
56.3135670946826
56.3135670946826
213.96669160026318
213.96669160026318
56.3135670946826
213.96669160026318
72.38312440263188
56.3135670946826
90.74783776883935
56.3135670946826
213.96669160026318
213.96669160026318
72.38312440263188
213.96669160026318
72.38312440263188
72.38312440263188
213.96669160026318
90.74783776883935
56.3135670946826
62.90098104465293
56.3135670946826
213.96669160026318
90.74783776883935
90.74783776883935
90.74783776883935
62.90098104465293
62.90098104465293
56.3135670946826
213.96669160026318
62.90098104465293
213.96669160026318
72.38312440263188
56.3135670946826
72.38312440263188
72.38312440263188
213.96669160026318
56.3135670946826
56.3135670946826
90.74783776883935
56.3135670946826
72.38312440263188
213.96669160026318
72.38312440263188
90.74783776883935
72.38312440263188
90.74783776883935
213.96669160026318
213.96669160026318
72.38312440263188
72.38312440263188
90.74783776883935
213.96669160026318
72.38312440263188
72.38312440263188
72.38312440263188
56.3135670946826
90.74783776883935
90.74783776883935
90.74783776883935
72.38312440263188
90.74783776883935
72.38312440263188
90.74783776883935
90.74783776883935
72.38312440263188
108.74196406032034
213.96669160026318
108.74196406032034
84.21664604552824
72.38312440263188
90.74783776883935
90.74783776883935
72.38312440263188
90.74783776883935
72.38312440263188
90.74783776883935
90.74783776883935
84.21664604552824
108.74196406032034
90.74783776883935
72.38312440263188
108.74196406032034
84.21664604552824
72.38312440263188
108.74196406032034
90.74783776883935
72.38312440263188
90.74783776883935
72.38312440263188
84.21664604552824
90.74783776883935
90.74783776883935
108.74196406032034
72.38312440263188
90.74783776883935
276.80664377269
276.80664377269
276.80664377269
72.38312440263188
84.21664604552824
84.21664604552824
108.74196406032034
72.38312440263188
90.74783776883935
90.74783776883935
84.21664604552824
108.74196406032034
90.74783776883935
108.74196406032034
276.80664377269
72.38312440263188
72.38312440263188
72.38312440263188
108.74196406032034
72.38312440263188
84.21664604552824
72.38312440263188
90.74783776883935
150.9931176803126
108.74196406032034
150.9931176803126
84.21664604552824
90.74783776883935
90.74783776883935
84.21664604552824
90.74783776883935
90.74783776883935
72.38312440263188
72.38312440263188
108.74196406032034
108.74196406032034
84.21664604552824
276.80664377269
72.38312440263188
72.38312440263188
276.80664377269
84.21664604552824
90.74783776883935
108.74196406032034
90.74783776883935
150.9931176803126
108.74196406032034
276.80664377269
72.38312440263188
108.74196406032034
90.74783776883935
84.21664604552824
108.74196406032034
72.38312440263188
84.21664604552824
90.74783776883935
108.74196406032034
276.80664377269
108.74196406032034
150.9931176803126
90.74783776883935
90.74783776883935
84.21664604552824
150.9931176803126
108.74196406032034
108.74196406032034
108.74196406032034
84.21664604552824
84.21664604552824
84.21664604552824
276.80664377269
72.38312440263188
276.80664377269
108.74196406032034
150.9931176803126
72.38312440263188
276.80664377269
84.21664604552824
72.38312440263188
90.74783776883935
276.80664377269
276.80664377269
150.9931176803126
108.74196406032034
84.21664604552824
108.74196406032034
72.38312440263188
108.74196406032034
72.38312440263188
276.80664377269
90.74783776883935
84.21664604552824
108.74196406032034
90.74783776883935
84.21664604552824
84.21664604552824
150.9931176803126
72.38312440263188
84.21664604552824
150.9931176803126
84.21664604552824
90.74783776883935
90.74783776883935
276.80664377269
84.21664604552824
72.38312440263188
84.21664604552824
108.74196406032034
90.74783776883935
150.9931176803126
150.9931176803126
90.74783776883935
150.9931176803126
84.21664604552824
276.80664377269
276.80664377269
276.80664377269
276.80664377269
150.9931176803126
276.80664377269
276.80664377269
276.80664377269
108.74196406032034
108.74196406032034
150.9931176803126
150.9931176803126
276.80664377269
276.80664377269
276.80664377269
108.74196406032034
72.38312440263188
276.80664377269
108.74196406032034
84.21664604552824
150.9931176803126
108.74196406032034
276.80664377269
150.9931176803126
84.21664604552824
84.21664604552824
108.74196406032034
90.74783776883935
84.21664604552824
108.74196406032034
108.74196406032034
108.74196406032034
84.21664604552824
276.80664377269
150.9931176803126
150.9931176803126
150.9931176803126
108.74196406032034
84.21664604552824
150.9931176803126
108.74196406032034
150.9931176803126
108.74196406032034
108.74196406032034
84.21664604552824
84.21664604552824
150.9931176803126
84.21664604552824
84.21664604552824
84.21664604552824
199.76512500277929
150.9931176803126
276.80664377269
84.21664604552824
84.21664604552824
150.9931176803126
150.9931176803126
108.74196406032034
108.74196406032034
199.76512500277929
150.9931176803126
276.80664377269
276.80664377269
84.21664604552824
276.80664377269
150.9931176803126
276.80664377269
84.21664604552824
276.80664377269
276.80664377269
108.74196406032034
276.80664377269
199.76512500277929
108.74196406032034
276.80664377269
199.76512500277929
150.9931176803126
276.80664377269
84.21664604552824
276.80664377269
150.9931176803126
84.21664604552824
108.74196406032034
108.74196406032034
150.9931176803126
150.9931176803126
276.80664377269
150.9931176803126
84.21664604552824
84.21664604552824
276.80664377269
150.9931176803126
108.74196406032034
150.9931176803126
276.80664377269
150.9931176803126
276.80664377269
150.9931176803126
178.08694035153363
84.21664604552824
276.80664377269
199.76512500277929
150.9931176803126
199.76512500277929
150.9931176803126
150.9931176803126
276.80664377269
150.9931176803126
199.76512500277929
199.76512500277929
276.80664377269
178.08694035153363
199.76512500277929
349.47605951773414
150.9931176803126
276.80664377269
199.76512500277929
150.9931176803126
150.9931176803126
199.76512500277929
199.76512500277929
199.76512500277929
199.76512500277929
199.76512500277929
199.76512500277929
150.9931176803126
178.08694035153363
178.08694035153363
199.76512500277929
150.9931176803126
199.76512500277929
150.9931176803126
276.80664377269
199.76512500277929
170.00745649307518
178.08694035153363
199.76512500277929
199.76512500277929
349.47605951773414
199.76512500277929
199.76512500277929
199.76512500277929
199.76512500277929
349.47605951773414
199.76512500277929
178.08694035153363
170.00745649307518
178.08694035153363
349.47605951773414
178.08694035153363
150.9931176803126
199.76512500277929
178.08694035153363
178.08694035153363
170.00745649307518
349.47605951773414
199.76512500277929
423.32401980328655
170.00745649307518
178.08694035153363
178.08694035153363
199.76512500277929
177.35664205508502
178.08694035153363
178.08694035153363
349.47605951773414
170.00745649307518
199.76512500277929
349.47605951773414
170.00745649307518
178.08694035153363
178.08694035153363
178.08694035153363
178.08694035153363
349.47605951773414
349.47605951773414
199.76512500277929
349.47605951773414
178.08694035153363
170.00745649307518
349.47605951773414
349.47605951773414
170.00745649307518
170.00745649307518
63.77710983565835
178.08694035153363
423.32401980328655
199.76512500277929
178.08694035153363
349.47605951773414
199.76512500277929
170.00745649307518
178.08694035153363
349.47605951773414
170.00745649307518
349.47605951773414
349.47605951773414
170.00745649307518
199.76512500277929
199.76512500277929
199.76512500277929
199.76512500277929
177.35664205508502
199.76512500277929
199.76512500277929
170.00745649307518
349.47605951773414
349.47605951773414
170.00745649307518
178.08694035153363
178.08694035153363
170.00745649307518
199.76512500277929
349.47605951773414
178.08694035153363
423.32401980328655
349.47605951773414
199.76512500277929
178.08694035153363
423.32401980328655
170.00745649307518
199.76512500277929
199.76512500277929
199.76512500277929
132.03475597869834
178.08694035153363
423.32401980328655
178.08694035153363
170.00745649307518
177.35664205508502
199.76512500277929
170.00745649307518
177.35664205508502
423.32401980328655
423.32401980328655
349.47605951773414
63.77710983565835
170.00745649307518
177.35664205508502
199.76512500277929
423.32401980328655
423.32401980328655
177.35664205508502
170.00745649307518
63.77710983565835
423.32401980328655
177.35664205508502
349.47605951773414
349.47605951773414
349.47605951773414
178.08694035153363
170.00745649307518
349.47605951773414
349.47605951773414
178.08694035153363
178.08694035153363
349.47605951773414
423.32401980328655
178.08694035153363
423.32401980328655
177.35664205508502
177.35664205508502
177.35664205508502
423.32401980328655
170.00745649307518
177.35664205508502
199.76512500277929
178.08694035153363
423.32401980328655
178.08694035153363
170.00745649307518
178.08694035153363
170.00745649307518
349.47605951773414
178.08694035153363
170.00745649307518
170.00745649307518
63.77710983565835
178.08694035153363
170.00745649307518
423.32401980328655
177.35664205508502
63.77710983565835
177.35664205508502
199.76512500277929
132.03475597869834
414.13933875934515
63.77710983565835
423.32401980328655
423.32401980328655
178.08694035153363
177.35664205508502
349.47605951773414
349.47605951773414
178.08694035153363
170.00745649307518
170.00745649307518
63.77710983565835
63.77710983565835
63.77710983565835
177.35664205508502
178.08694035153363
423.32401980328655
349.47605951773414
423.32401980328655
178.08694035153363
132.03475597869834
349.47605951773414
178.08694035153363
178.08694035153363
63.77710983565835
349.47605951773414
177.35664205508502
423.32401980328655
177.35664205508502
177.35664205508502
349.47605951773414
170.00745649307518
170.00745649307518
158.54307507998536
423.32401980328655
349.47605951773414
170.00745649307518
178.08694035153363
170.00745649307518
178.08694035153363
132.03475597869834
170.00745649307518
132.03475597869834
177.35664205508502
177.35664205508502
423.32401980328655
349.47605951773414
423.32401980328655
178.08694035153363
63.77710983565835
63.77710983565835
63.77710983565835
177.35664205508502
132.03475597869834
170.00745649307518
132.03475597869834
132.03475597869834
423.32401980328655
63.77710983565835
349.47605951773414
423.32401980328655
132.03475597869834
177.35664205508502
132.03475597869834
177.35664205508502
63.77710983565835
170.00745649307518
349.47605951773414
63.77710983565835
63.77710983565835
63.77710983565835
349.47605951773414
349.47605951773414
349.47605951773414
349.47605951773414
177.35664205508502
205.4194037437321
423.32401980328655
349.47605951773414
170.00745649307518
178.08694035153363
177.35664205508502
170.00745649307518
423.32401980328655
170.00745649307518
414.13933875934515
414.13933875934515
170.00745649307518
349.47605951773414
170.00745649307518
63.77710983565835
132.03475597869834
63.77710983565835
423.32401980328655
423.32401980328655
423.32401980328655
170.00745649307518
170.00745649307518
414.13933875934515
132.03475597869834
177.35664205508502
349.47605951773414
132.03475597869834
132.03475597869834
63.77710983565835
178.08694035153363
132.03475597869834
170.00745649307518
349.47605951773414
132.03475597869834
132.03475597869834
177.35664205508502
63.77710983565835
423.32401980328655
177.35664205508502
423.32401980328655
137.45348517930947
177.35664205508502
170.00745649307518
177.35664205508502
63.77710983565835
423.32401980328655
132.03475597869834
158.54307507998536
63.77710983565835
132.03475597869834
170.00745649307518
414.13933875934515
132.03475597869834
349.47605951773414
423.32401980328655
414.13933875934515
414.13933875934515
177.35664205508502
63.77710983565835
267.7200496468332
177.35664205508502
414.13933875934515
132.03475597869834
132.03475597869834
63.77710983565835
177.35664205508502
414.13933875934515
414.13933875934515
158.54307507998536
158.54307507998536
414.13933875934515
423.32401980328655
349.47605951773414
63.77710983565835
423.32401980328655
170.00745649307518
177.35664205508502
170.00745649307518
423.32401980328655
423.32401980328655
423.32401980328655
63.77710983565835
205.4194037437321
414.13933875934515
177.35664205508502
423.32401980328655
132.03475597869834
414.13933875934515
177.35664205508502
423.32401980328655
63.77710983565835
63.77710983565835
63.77710983565835
205.4194037437321
423.32401980328655
177.35664205508502
177.35664205508502
414.13933875934515
63.77710983565835
177.35664205508502
414.13933875934515
177.35664205508502
177.35664205508502
158.54307507998536
414.13933875934515
63.77710983565835
158.54307507998536
423.32401980328655
132.03475597869834
158.54307507998536
158.54307507998536
414.13933875934515
158.54307507998536
132.03475597869834
132.03475597869834
177.35664205508502
414.13933875934515
63.77710983565835
177.35664205508502
158.54307507998536
132.03475597869834
63.77710983565835
158.54307507998536
205.4194037437321
158.54307507998536
423.32401980328655
132.03475597869834
132.03475597869834
423.32401980328655
177.35664205508502
414.13933875934515
132.03475597869834
137.45348517930947
414.13933875934515
414.13933875934515
137.45348517930947
132.03475597869834
267.7200496468332
63.77710983565835
158.54307507998536
423.32401980328655
137.45348517930947
63.77710983565835
423.32401980328655
177.35664205508502
132.03475597869834
177.35664205508502
205.4194037437321
63.77710983565835
63.77710983565835
267.7200496468332
63.77710983565835
205.4194037437321
410.0231620428269
414.13933875934515
205.4194037437321
158.54307507998536
158.54307507998536
158.54307507998536
63.77710983565835
63.77710983565835
205.4194037437321
205.4194037437321
63.77710983565835
158.54307507998536
205.4194037437321
414.13933875934515
267.7200496468332
205.4194037437321
132.03475597869834
158.54307507998536
414.13933875934515
132.03475597869834
414.13933875934515
177.35664205508502
132.03475597869834
158.54307507998536
158.54307507998536
158.54307507998536
205.4194037437321
63.77710983565835
414.13933875934515
132.03475597869834
132.03475597869834
137.45348517930947
423.32401980328655
132.03475597869834
63.77710983565835
137.45348517930947
132.03475597869834
205.4194037437321
205.4194037437321
414.13933875934515
132.03475597869834
158.54307507998536
137.45348517930947
132.03475597869834
205.4194037437321
137.45348517930947
158.54307507998536
205.4194037437321
132.03475597869834
158.54307507998536
205.4194037437321
132.03475597869834
414.13933875934515
137.45348517930947
158.54307507998536
267.7200496468332
177.35664205508502
137.45348517930947
63.77710983565835
414.13933875934515
414.13933875934515
267.7200496468332
137.45348517930947
158.54307507998536
205.4194037437321
267.7200496468332
205.4194037437321
414.13933875934515
267.7200496468332
158.54307507998536
137.45348517930947
414.13933875934515
267.7200496468332
414.13933875934515
137.45348517930947
137.45348517930947
267.7200496468332
132.03475597869834
414.13933875934515
414.13933875934515
132.03475597869834
205.4194037437321
65.94397274192326
205.4194037437321
267.7200496468332
205.4194037437321
414.13933875934515
63.77710983565835
158.54307507998536
158.54307507998536
205.4194037437321
205.4194037437321
137.45348517930947
267.7200496468332
267.7200496468332
267.7200496468332
63.77710983565835
205.4194037437321
137.45348517930947
267.7200496468332
205.4194037437321
137.45348517930947
414.13933875934515
414.13933875934515
158.54307507998536
410.0231620428269
414.13933875934515
414.13933875934515
158.54307507998536
267.7200496468332
137.45348517930947
158.54307507998536
414.13933875934515
267.7200496468332
158.54307507998536
414.13933875934515
158.54307507998536
205.4194037437321
137.45348517930947
132.03475597869834
158.54307507998536
137.45348517930947
137.45348517930947
158.54307507998536
414.13933875934515
137.45348517930947
132.03475597869834
158.54307507998536
267.7200496468332
158.54307507998536
158.54307507998536
205.4194037437321
158.54307507998536
137.45348517930947
205.4194037437321
410.0231620428269
414.13933875934515
137.45348517930947
158.54307507998536
137.45348517930947
205.4194037437321
267.7200496468332
267.7200496468332
205.4194037437321
205.4194037437321
137.45348517930947
267.7200496468332
158.54307507998536
132.03475597869834
205.4194037437321
267.7200496468332
267.7200496468332
65.94397274192326
158.54307507998536
410.0231620428269
267.7200496468332
128.23905442745377
414.13933875934515
205.4194037437321
267.7200496468332
137.45348517930947
205.4194037437321
205.4194037437321
267.7200496468332
267.7200496468332
205.4194037437321
170.1537957595227
137.45348517930947
205.4194037437321
205.4194037437321
137.45348517930947
137.45348517930947
158.54307507998536
205.4194037437321
137.45348517930947
137.45348517930947
267.7200496468332
65.94397274192326
137.45348517930947
205.4194037437321
65.94397274192326
137.45348517930947
414.13933875934515
410.0231620428269
267.7200496468332
414.13933875934515
205.4194037437321
158.54307507998536
267.7200496468332
267.7200496468332
137.45348517930947
267.7200496468332
137.45348517930947
137.45348517930947
410.0231620428269
410.0231620428269
267.7200496468332
137.45348517930947
410.0231620428269
137.45348517930947
410.0231620428269
205.4194037437321
410.0231620428269
137.45348517930947
267.7200496468332
137.45348517930947
410.0231620428269
137.45348517930947
267.7200496468332
410.0231620428269
205.4194037437321
410.0231620428269
267.7200496468332
267.7200496468332
410.0231620428269
414.13933875934515
267.7200496468332
267.7200496468332
158.54307507998536
267.7200496468332
267.7200496468332
205.4194037437321
410.0231620428269
158.54307507998536
410.0231620428269
137.45348517930947
137.45348517930947
65.94397274192326
65.94397274192326
65.94397274192326
410.0231620428269
267.7200496468332
205.4194037437321
65.94397274192326
267.7200496468332
410.0231620428269
267.7200496468332
410.0231620428269
65.94397274192326
158.54307507998536
137.45348517930947
65.94397274192326
65.94397274192326
65.94397274192326
267.7200496468332
205.4194037437321
128.23905442745377
65.94397274192326
264.90410040425223
65.94397274192326
137.45348517930947
410.0231620428269
267.7200496468332
170.1537957595227
410.0231620428269
65.94397274192326
65.94397274192326
410.0231620428269
410.0231620428269
128.23905442745377
137.45348517930947
410.0231620428269
410.0231620428269
410.0231620428269
65.94397274192326
65.94397274192326
65.94397274192326
170.1537957595227
410.0231620428269
267.7200496468332
128.23905442745377
359.4925422214798
410.0231620428269
410.0231620428269
410.0231620428269
410.0231620428269
410.0231620428269
205.4194037437321
410.0231620428269
170.1537957595227
65.94397274192326
410.0231620428269
65.94397274192326
410.0231620428269
65.94397274192326
65.94397274192326
410.0231620428269
128.23905442745377
410.0231620428269
410.0231620428269
410.0231620428269
65.94397274192326
65.94397274192326
137.45348517930947
170.1537957595227
128.23905442745377
65.94397274192326
65.94397274192326
65.94397274192326
65.94397274192326
410.0231620428269
65.94397274192326
65.94397274192326
410.0231620428269
128.23905442745377
170.1537957595227
267.7200496468332
65.94397274192326
65.94397274192326
410.0231620428269
128.23905442745377
167.1136811717603
128.23905442745377
128.23905442745377
170.1537957595227
170.1537957595227
65.94397274192326
264.90410040425223
128.23905442745377
65.94397274192326
128.23905442745377
170.1537957595227
410.0231620428269
65.94397274192326
170.1537957595227
410.0231620428269
65.94397274192326
410.0231620428269
410.0231620428269
170.1537957595227
128.23905442745377
264.90410040425223
128.23905442745377
128.23905442745377
433.2025505584481
128.23905442745377
170.1537957595227
264.90410040425223
65.94397274192326
65.94397274192326
128.23905442745377
170.1537957595227
170.1537957595227
170.1537957595227
410.0231620428269
228.64662465398683
170.1537957595227
65.94397274192326
170.1537957595227
359.4925422214798
359.4925422214798
65.94397274192326
255.30779418976962
128.23905442745377
128.23905442745377
128.23905442745377
128.23905442745377
128.23905442745377
359.4925422214798
65.94397274192326
128.23905442745377
65.94397274192326
170.1537957595227
128.23905442745377
65.94397274192326
170.1537957595227
170.1537957595227
170.1537957595227
65.94397274192326
167.1136811717603
170.1537957595227
264.90410040425223
170.1537957595227
170.1537957595227
128.23905442745377
264.90410040425223
65.94397274192326
128.23905442745377
433.2025505584481
264.90410040425223
264.90410040425223
128.23905442745377
170.1537957595227
264.90410040425223
128.23905442745377
167.1136811717603
170.1537957595227
128.23905442745377
128.23905442745377
128.23905442745377
170.1537957595227
228.64662465398683
128.23905442745377
170.1537957595227
65.94397274192326
128.23905442745377
128.23905442745377
264.90410040425223
359.4925422214798
264.90410040425223
170.1537957595227
128.23905442745377
128.23905442745377
264.90410040425223
128.23905442745377
170.1537957595227
264.90410040425223
170.1537957595227
170.1537957595227
170.1537957595227
255.30779418976962
170.1537957595227
264.90410040425223
433.2025505584481
170.1537957595227
128.23905442745377
264.90410040425223
228.64662465398683
170.1537957595227
359.4925422214798
264.90410040425223
167.1136811717603
359.4925422214798
128.23905442745377
170.1537957595227
255.30779418976962
359.4925422214798
359.4925422214798
170.1537957595227
433.2025505584481
264.90410040425223
128.23905442745377
170.1537957595227
359.4925422214798
128.23905442745377
359.4925422214798
354.93597969019805
128.23905442745377
359.4925422214798
128.23905442745377
359.4925422214798
359.4925422214798
264.90410040425223
264.90410040425223
264.90410040425223
228.64662465398683
410.0231620428269
167.1136811717603
264.90410040425223
359.4925422214798
170.1537957595227
231.22919240910332
51.40250218823352
264.90410040425223
170.1537957595227
167.1136811717603
167.1136811717603
264.90410040425223
359.4925422214798
264.90410040425223
167.1136811717603
167.1136811717603
128.23905442745377
433.2025505584481
170.1537957595227
264.90410040425223
128.23905442745377
264.90410040425223
170.1537957595227
359.4925422214798
128.23905442745377
433.2025505584481
228.64662465398683
264.90410040425223
264.90410040425223
433.2025505584481
264.90410040425223
359.4925422214798
167.1136811717603
359.4925422214798
433.2025505584481
128.23905442745377
170.1537957595227
228.64662465398683
433.2025505584481
170.1537957595227
354.93597969019805
359.4925422214798
264.90410040425223
264.90410040425223
228.64662465398683
63.84105186746093
167.1136811717603
167.1136811717603
170.1537957595227
359.4925422214798
255.30779418976962
228.64662465398683
255.30779418976962
433.2025505584481
264.90410040425223
255.30779418976962
228.64662465398683
170.1537957595227
255.30779418976962
264.90410040425223
359.4925422214798
231.22919240910332
51.40250218823352
264.90410040425223
167.1136811717603
255.30779418976962
264.90410040425223
359.4925422214798
167.1136811717603
359.4925422214798
167.1136811717603
167.1136811717603
433.2025505584481
433.2025505584481
308.10984347400057
359.4925422214798
167.1136811717603
359.4925422214798
264.90410040425223
433.2025505584481
359.4925422214798
228.64662465398683
255.30779418976962
255.30779418976962
264.90410040425223
65.94397274192326
264.90410040425223
433.2025505584481
228.64662465398683
433.2025505584481
359.4925422214798
433.2025505584481
359.4925422214798
228.64662465398683
228.64662465398683
433.2025505584481
264.90410040425223
228.64662465398683
255.30779418976962
228.64662465398683
354.93597969019805
359.4925422214798
359.4925422214798
359.4925422214798
63.84105186746093
359.4925422214798
228.64662465398683
379.53989751206853
167.1136811717603
359.4925422214798
255.30779418976962
167.1136811717603
255.30779418976962
359.4925422214798
167.1136811717603
255.30779418976962
231.22919240910332
51.40250218823352
167.1136811717603
255.30779418976962
359.4925422214798
167.1136811717603
264.90410040425223
167.1136811717603
255.30779418976962
63.84105186746093
228.64662465398683
433.2025505584481
308.10984347400057
167.1136811717603
433.2025505584481
433.2025505584481
264.90410040425223
264.90410040425223
228.64662465398683
228.64662465398683
264.90410040425223
433.2025505584481
359.4925422214798
255.30779418976962
228.64662465398683
433.2025505584481
308.10984347400057
433.2025505584481
228.64662465398683
359.4925422214798
354.93597969019805
433.2025505584481
264.90410040425223
167.1136811717603
255.30779418976962
264.90410040425223
255.30779418976962
255.30779418976962
359.4925422214798
228.64662465398683
255.30779418976962
359.4925422214798
228.64662465398683
167.1136811717603
167.1136811717603
433.2025505584481
167.1136811717603
231.22919240910332
51.40250218823352
359.4925422214798
167.1136811717603
354.93597969019805
359.4925422214798
167.1136811717603
167.1136811717603
264.90410040425223
255.30779418976962
435.85617709772384
433.2025505584481
359.4925422214798
255.30779418976962
379.53989751206853
167.1136811717603
228.64662465398683
433.2025505584481
255.30779418976962
433.2025505584481
354.93597969019805
228.64662465398683
167.1136811717603
433.2025505584481
228.64662465398683
264.90410040425223
167.1136811717603
231.22919240910332
228.64662465398683
433.2025505584481
167.1136811717603
167.1136811717603
359.4925422214798
359.4925422214798
354.93597969019805
359.4925422214798
63.84105186746093
51.40250218823352
231.22919240910332
228.64662465398683
51.40250218823352
167.1136811717603
255.30779418976962
433.2025505584481
433.2025505584481
167.1136811717603
354.93597969019805
356.58801950412607
433.2025505584481
354.93597969019805
433.2025505584481
379.53989751206853
231.22919240910332
433.2025505584481
433.2025505584481
167.1136811717603
354.93597969019805
228.64662465398683
167.1136811717603
231.22919240910332
51.40250218823352
255.30779418976962
308.10984347400057
228.64662465398683
228.64662465398683
228.64662465398683
231.22919240910332
167.1136811717603
255.30779418976962
433.2025505584481
354.93597969019805
51.40250218823352
228.64662465398683
228.64662465398683
354.93597969019805
228.64662465398683
228.64662465398683
433.2025505584481
433.2025505584481
255.30779418976962
231.22919240910332
255.30779418976962
354.93597969019805
255.30779418976962
433.2025505584481
51.40250218823352
63.84105186746093
63.84105186746093
128.23905442745377
255.30779418976962
255.30779418976962
167.1136811717603
359.4925422214798
255.30779418976962
228.64662465398683
373.25953749611546
433.2025505584481
433.2025505584481
255.30779418976962
255.30779418976962
231.22919240910332
435.85617709772384
228.64662465398683
231.22919240910332
354.93597969019805
167.1136811717603
51.40250218823352
228.64662465398683
63.84105186746093
228.64662465398683
308.10984347400057
170.1537957595227
308.10984347400057
308.10984347400057
255.30779418976962
231.22919240910332
167.1136811717603
97.87721432445869
354.93597969019805
306.1540565415364
98.12562753518313
51.40250218823352
379.53989751206853
51.40250218823352
255.30779418976962
255.30779418976962
63.84105186746093
231.22919240910332
255.30779418976962
63.84105186746093
354.93597969019805
308.10984347400057
354.93597969019805
255.30779418976962
63.84105186746093
354.93597969019805
354.93597969019805
354.93597969019805
63.84105186746093
433.2025505584481
231.22919240910332
228.64662465398683
51.40250218823352
405.5561658085289
167.1136811717603
433.2025505584481
356.58801950412607
167.1136811717603
63.84105186746093
308.10984347400057
231.22919240910332
231.22919240910332
51.40250218823352
51.40250218823352
231.22919240910332
308.10984347400057
51.40250218823352
231.22919240910332
231.22919240910332
228.64662465398683
51.40250218823352
228.64662465398683
354.93597969019805
379.53989751206853
255.30779418976962
228.64662465398683
308.10984347400057
433.2025505584481
51.40250218823352
255.30779418976962
435.85617709772384
354.93597969019805
379.53989751206853
433.2025505584481
63.84105186746093
51.40250218823352
51.40250218823352
354.93597969019805
231.22919240910332
354.93597969019805
255.30779418976962
255.30779418976962
379.53989751206853
231.22919240910332
51.40250218823352
373.25953749611546
354.93597969019805
63.84105186746093
51.40250218823352
63.84105186746093
308.10984347400057
63.84105186746093
379.53989751206853
231.22919240910332
228.64662465398683
308.10984347400057
63.84105186746093
228.64662465398683
308.10984347400057
231.22919240910332
63.84105186746093
97.87721432445869
51.40250218823352
63.84105186746093
231.22919240910332
51.40250218823352
354.93597969019805
308.10984347400057
354.93597969019805
354.93597969019805
356.58801950412607
63.84105186746093
308.10984347400057
231.22919240910332
63.84105186746093
51.40250218823352
255.30779418976962
379.53989751206853
255.30779418976962
390.86086881717716
308.10984347400057
308.10984347400057
308.10984347400057
167.1136811717603
231.22919240910332
306.1540565415364
231.22919240910332
354.93597969019805
379.53989751206853
435.85617709772384
308.10984347400057
308.10984347400057
354.93597969019805
354.93597969019805
354.93597969019805
354.93597969019805
264.90410040425223
63.84105186746093
379.53989751206853
354.93597969019805
354.93597969019805
51.40250218823352
63.84105186746093
51.40250218823352
51.40250218823352
433.2025505584481
63.84105186746093
354.93597969019805
356.58801950412607
373.25953749611546
231.22919240910332
231.22919240910332
231.22919240910332
231.22919240910332
379.53989751206853
435.85617709772384
308.10984347400057
354.93597969019805
63.84105186746093
98.12562753518313
379.53989751206853
231.22919240910332
231.22919240910332
51.40250218823352
354.93597969019805
308.10984347400057
231.22919240910332
435.85617709772384
63.84105186746093
228.64662465398683
379.53989751206853
308.10984347400057
254.34763078990954
231.22919240910332
435.85617709772384
97.87721432445869
379.53989751206853
51.40250218823352
51.40250218823352
51.40250218823352
51.40250218823352
359.4925422214798
231.22919240910332
51.40250218823352
51.40250218823352
63.84105186746093
63.84105186746093
405.5561658085289
231.22919240910332
308.10984347400057
379.53989751206853
379.53989751206853